36125.902500554366 15.0 0.5985899987303688 
46618.40532261412 16.0 0.4663124151287879 
62661.035827262895 16.0 0.22225291589092128 
81511.59233657562 15.0 0.23188591983556012 
112485.72878269444 16.0 0.025693730729701953 
114136.43771142306 15.0 0.11305241521068858 
242957.71574151175 16.0 1.9626667578053227E-182 
243225.25173859138 15.0 9.260243730169915E-171 
61491.04055121236 16.0 0.23895021082205212 
80556.52369259502 16.0 0.1182069208382262 
101284.50612314475 15.0 0.19785336058155953 
109342.2891718889 16.0 0.09890815671162492 
81511.59233657562 15.0 0.23188591983556012 
257381.6780171951 15.0 1.63E-322 
220856.07787870077 16.0 0.02056752818507877 
114136.43771142306 15.0 0.11305241521068858 
