41355.21675396542 15.0 0.5710431654676259 
81663.28612248579 15.0 0.2858427543679342 
86769.12886932924 16.0 0.1515930113052415 
156181.69336487923 17.0 0.014783136162098495 
129008.63556056129 15.0 0.13938824151852902 
199251.74018799685 16.0 0.0 
214810.10226937864 15.0 2.5651764054966384E-24 
76095.38052027073 16.0 0.27106746165172246 
95691.95131563683 16.0 0.07644577783157908 
41355.21675396542 15.0 0.5710431654676259 
81663.28612248579 15.0 0.2858427543679342 
86769.12886932818 16.0 0.15159301130524153 
156183.47204104543 17.0 0.014773896356603995 
187833.70932227574 16.0 0.0012845215157353885 
76095.38052027073 16.0 0.27106746165172246 
90052.398908689 16.0 0.07772337132663219 
