35095.863951695785 15.0 0.6211459403899077 
88743.47886661354 15.0 0.3301644398766701 
94009.70941105322 16.0 0.040467048294900165 
141125.6258757813 15.0 0.17857060349956033 
189634.4369060066 16.0 0.0 
211975.62789081942 15.0 7.104395549211737E-221 
69902.6578995807 16.0 0.3160709977646903 
103897.48670657183 15.0 0.23895169578622816 
89140.91465027389 16.0 0.10661528580603725 
35095.86395169711 15.0 0.621145940093821 
69981.27493738999 15.0 0.5112395632626846 
100731.61328637671 16.0 0.035970975797781836 
120897.48496118233 15.0 0.20747316256949255 
155865.2555806729 16.0 0.005781089414241483 
211975.62789081948 15.0 1.1722220859675284E-228 
67064.08144370832 16.0 0.3205223609989478 
