38830.36197425335 15.0 0.6904873293768312 
74099.71396847714 15.0 0.2819688078612474 
121607.42966139929 15.0 0.14003041964964105 
199510.45922271747 16.0 0.0032113037893384713 
209925.7332346187 15.0 7.907342277402042E-21 
68169.02923932346 16.0 0.2569344983938733 
76226.98887395689 16.0 0.19013360739979443 
95267.2964524348 15.0 0.2376544676197366 
104568.70385158168 16.0 0.08286228160323572 
194483.94058767645 16.0 0.0032117162882195683 
98734.21450694943 16.0 0.11176401570733503 
542988.6773007227 15.0 1.015715128760699E-24 
51585.90393054476 15.0 0.5420684921392152 
76226.98887395689 16.0 0.19013360739979443 
95267.2964054119 15.0 0.2376670076387437 
109909.98912552168 15.0 0.17857142857142858 
