43226.021267221666 15.0 0.5228002656364568 
64857.766472789015 17.0 0.21580118237246343 
87105.55267510416 15.0 0.1901091843288375 
115633.33823418786 16.0 0.024409044193216857 
242532.33210732118 16.0 7.01495022255139E-306 
260756.24493203638 15.0 2.202262887083493E-37 
74915.71520529709 16.0 0.2389220745616554 
85912.14360049757 16.0 0.08286087793079569 
169155.42628788165 16.0 0.01605858170606372 
51259.85538539396 15.0 0.4765585549727023 
115633.33823418786 16.0 0.024409044193216857 
242530.88453811596 16.0 1.5616233535050044E-282 
275821.29307699454 15.0 3.633723907211666E-45 
70877.0489336605 16.0 0.24794450154127395 
85912.14360049757 16.0 0.08286087793079569 
192471.34531007506 16.0 0.008350462487153132 
