34095.70978931141 15.0 0.6359198355587974 
48336.18803449595 16.0 0.4251809122479061 
67493.65217107626 15.0 0.29419321685508737 
77780.22735415524 16.0 0.18949068650559847 
128717.99346445352 15.0 0.15994239945114128 
110652.77212365293 16.0 0.03340184994861254 
181611.6768561633 15.0 1.5163445190600273E-302 
57349.326838718465 16.0 0.38794851698073607 
65995.88185225209 16.0 0.26017550946856055 
73158.67318991947 17.0 0.10855081383086837 
97295.61162676773 15.0 0.26014902704039417 
87094.6123948995 16.0 0.09506597859614868 
159583.43618077718 15.0 0.10597302504816955 
34725.78365878726 15.0 0.6121531346346438 
110652.77212365293 16.0 0.03340184994861254 
71594.62600789085 17.0 0.17920469503067832 
