[2, 5, 7, 14, 6][1, 4][3, 11][10, 11][3, 4][3, 5][9, 12][5, 14][12, 13][9, 13][10, 12][0, 1][6, 14][6, 14][8, 14] 
[0, 1, 3, 5, 14][1, 4, 3][9, 13, 12][6, 9][12, 13][10, 12][7, 9][10, 12][5, 7][1, 3][2, 5][3, 11][8, 14][9, 12][2, 5] 
[2, 5, 7, 9, 6, 14, 8][2, 1, 4][3, 4][3, 11][2, 5][10, 11][3, 5][9, 12][7, 14][12, 13][9, 13][10, 12][0, 1][6, 14][6, 14] 
[5, 14, 6, 9, 13, 12, 10, 11][1, 2, 5, 7, 9, 6, 14, 8][2, 1, 4][1, 3, 5][3, 4][3, 11][2, 5][9, 12][7, 14][12, 13][9, 13][10, 12][0, 1][6, 14][6, 14] 
[10, 12, 13, 9, 6, 14][0, 1, 3, 11, 10][10, 9, 13][2, 1, 3][10, 12][7, 9][5, 7][1, 4][12, 13][2, 5][3, 11][8, 14][9, 13][12, 13][6, 9] 
[5, 2, 1, 3, 11, 10, 12, 13][4, 3, 5, 7, 9, 6, 14, 8][0, 1, 3, 5, 7, 9, 10][3, 11, 10, 9][1, 4][2, 5][10, 11][3, 4][3, 5][9, 12][5, 14][9, 13][0, 1][6, 14][8, 14] 
[4, 3, 5, 7, 9, 6, 14, 8][2, 1, 3, 11, 10, 12, 13][0, 1, 3, 5, 7, 9, 10][2, 5, 14, 6, 9][11, 10, 12, 13][0, 1, 4][1, 4][3, 11][3, 4][3, 5][9, 12][5, 14][9, 13][6, 14][8, 14] 
[2, 5, 14, 6, 9, 13, 12][1, 4][3, 11][10, 11][3, 4][3, 5][9, 12][7, 14][12, 13][9, 13][10, 12][0, 1][6, 14][6, 14][8, 14] 
[1, 2, 5, 7, 9, 6, 14, 8][2, 1, 3, 4][3, 4][3, 11][2, 5][10, 11][3, 5][9, 12][7, 14][12, 13][9, 13][10, 12][0, 1][6, 14][6, 14] 
[2, 5, 7, 14, 6][1, 4][3, 11][10, 11][3, 4][3, 5][9, 12][5, 14][12, 13][9, 13][10, 12][0, 1][6, 14][6, 14][8, 14] 
[0, 1, 3, 5, 14][1, 4, 3][9, 13, 12][6, 9][12, 13][10, 12][7, 9][10, 12][5, 7][1, 3][2, 5][3, 11][8, 14][9, 12][2, 5] 
[2, 5, 7, 9, 6, 14, 8][2, 1, 4][3, 4][3, 11][2, 5][10, 11][3, 5][9, 12][7, 14][12, 13][9, 13][10, 12][0, 1][6, 14][6, 14] 
[5, 14, 6, 9, 13, 12, 10, 11][1, 2, 5, 7, 9, 6, 14, 8][2, 1, 4][1, 3, 5][3, 4][3, 11][2, 5][9, 12][7, 14][12, 13][9, 13][10, 12][0, 1][6, 14][6, 14] 
[4, 3, 5, 7, 9, 6, 14, 8][0, 1, 3, 5, 7, 9, 10][2, 5, 14, 6, 9][11, 10, 12, 13][10, 12, 13][0, 1, 4][1, 4][3, 11][3, 4][3, 5][9, 12][5, 14][9, 13][6, 14][8, 14] 
[2, 5, 14, 6, 9, 13, 12][1, 4][3, 11][10, 11][3, 4][3, 5][9, 12][7, 14][12, 13][9, 13][10, 12][0, 1][6, 14][6, 14][8, 14] 
[1, 2, 5, 7, 9, 6, 14, 8][1, 3, 4][3, 4][3, 11][2, 5][10, 11][3, 5][9, 12][7, 14][12, 13][9, 13][10, 12][0, 1][6, 14][6, 14] 
