[11, 10, 12][2, 5][0, 1][1, 2][6, 14][8, 14][3, 11][12, 13][3, 4][3, 11][7, 14][1, 3][8, 14][5, 7][6, 9] 
[0, 1, 2, 5][12, 13][7, 9][10, 11][1, 2][5, 14][3, 5][9, 10][5, 7][8, 14][1, 2][9, 13][3, 4][6, 9][6, 9] 
[4, 3, 11, 10, 12, 13][0, 1, 2, 5, 3][10, 9, 13, 12][12, 13][7, 9][10, 11][1, 2][5, 14][3, 5][5, 7][8, 14][1, 2][9, 13][6, 9][6, 9] 
[2, 1, 3, 5, 14, 6, 9, 12][1, 3, 11, 10, 12, 13, 9, 6][3, 4, 1, 2, 5, 7, 9][0, 1, 2, 5][5, 7, 14, 6][5, 14, 8][12, 13][10, 11][1, 2][5, 14][9, 10][1, 2][9, 13][1, 3][6, 9] 
[8, 14, 5, 7, 9, 12, 10, 11][3, 4, 1, 2, 5, 7, 9][2, 1, 3, 5, 14, 6, 9][0, 1, 2, 5][5, 7, 14, 6][12, 13][10, 11][1, 2][5, 14][9, 10][1, 2][9, 13][1, 3][6, 9][6, 9] 
[2, 5, 7, 9][12, 13][1, 4][10, 11][1, 2][5, 14][5, 14][9, 10][0, 1][5, 7][8, 14][9, 13][1, 3][6, 9][6, 9] 
[11, 3, 5, 14][2, 5, 7, 9][12, 13][1, 4][10, 11][1, 2][5, 14][9, 10][0, 1][5, 7][8, 14][9, 13][1, 3][6, 9][6, 9] 
[0, 1, 2, 5, 3][10, 9, 13, 12][12, 13][7, 9][10, 11][1, 2][5, 14][3, 5][5, 7][8, 14][1, 2][9, 13][3, 4][6, 9][6, 9] 
[4, 1, 2, 5, 7, 9][9, 13, 12, 10][12, 13][10, 11][1, 2][5, 14][3, 5][9, 10][0, 1][5, 7][8, 14][1, 2][1, 3][6, 9][6, 9] 
[2, 1, 3, 5, 14, 6, 9, 12][1, 3, 11, 10, 12, 13, 9, 6][3, 4, 1, 2, 5, 7, 9][0, 1, 2, 5][5, 14, 6][5, 14, 8][12, 13][10, 11][1, 2][5, 14][9, 10][1, 2][9, 13][1, 3][6, 9] 
[4, 1, 2, 5, 7, 9][12, 13][10, 11][1, 2][5, 14][3, 5][9, 10][0, 1][5, 7][8, 14][1, 2][9, 13][1, 3][6, 9][6, 9] 
[9, 7, 5, 2, 1, 4, 3, 11][5, 3, 11, 10, 9, 6, 14, 8][2, 1, 3, 5, 14, 6, 9, 10][3, 5, 7, 14, 6, 9, 12, 13][8, 14, 5, 7, 9, 12, 10, 11][9, 13, 12, 10, 11, 3, 5, 14][3, 1, 2, 5, 7, 14, 6, 9][5, 3, 11, 10, 12, 13, 9, 6][2, 5, 3, 1, 4][5, 14, 6, 9][0, 1, 2, 5][12, 13][1, 2][9, 10][1, 2] 
[12, 13][1, 4][10, 11][1, 2][5, 14][6, 14][9, 10][0, 1][5, 7][8, 14][1, 2][9, 13][1, 3][6, 9][3, 11] 
[11, 3, 5, 14][2, 5, 7, 9][12, 13][1, 4][10, 11][1, 2][5, 14][9, 10][0, 1][5, 7][8, 14][9, 13][1, 3][6, 9][6, 9] 
[0, 1, 2, 5, 3][10, 9, 13, 12][12, 13][7, 9][10, 11][1, 2][5, 14][3, 5][5, 7][8, 14][1, 2][9, 13][3, 4][6, 9][6, 9] 
[8, 14, 5, 3, 11, 10][0, 1, 2, 5][12, 13][7, 9][10, 11][1, 2][3, 5][9, 10][5, 7][8, 14][1, 2][9, 13][3, 4][6, 9][6, 9] 
