[3, 4][10, 12][10, 11][7, 14][2, 5][3, 11][1, 4][0, 1][3, 5][7, 14][12, 13][9, 13][6, 9][5, 7][8, 14] 
[2, 1, 3][9, 10, 11][10, 12][7, 14][2, 5][3, 11][1, 4][0, 1][3, 5][7, 14][12, 13][9, 13][6, 9][5, 7][8, 14] 
[1, 2, 5][9, 6, 14][4, 3, 11][1, 3][7, 9][1, 3][12, 13][9, 13][12, 13][5, 7][8, 14][10, 12][3, 5][0, 1][9, 10] 
[12, 13, 9, 6, 14][5, 7, 9, 10][3, 4][10, 12][10, 11][5, 14][2, 5][3, 11][1, 4][0, 1][3, 5][1, 2][12, 13][9, 13][8, 14] 
[7, 9, 10, 12, 13][12, 13, 9, 6, 14][1, 4, 3, 11, 10][5, 7, 9][1, 3][1, 3][1, 2][12, 13][9, 13][12, 13][8, 14][10, 12][3, 5][0, 1][9, 10] 
[3, 1, 2, 5, 14, 6, 9, 7][9, 10, 11][10, 12][7, 14][2, 5][3, 11][1, 4][0, 1][3, 5][7, 14][12, 13][9, 13][6, 9][5, 7][8, 14] 
[1, 3, 5, 14, 8][7, 9, 10, 12, 13][1, 4, 3, 11, 10][0, 1, 2, 5, 7][5, 14, 6, 9, 10][5, 7, 9][11, 10, 12][1, 3][1, 2][12, 13][9, 13][12, 13][12, 13][8, 14][3, 5] 
[3, 1, 2, 5][9, 10, 11][10, 12][7, 14][2, 5][3, 11][1, 4][0, 1][3, 5][7, 14][12, 13][9, 13][6, 9][5, 7][8, 14] 
[13, 12, 9, 7, 14][9, 10, 11][1, 3][10, 12][2, 5][3, 11][1, 4][0, 1][3, 5][7, 14][12, 13][9, 13][6, 9][5, 7][8, 14] 
[3, 1, 2, 5, 7, 14, 6][9, 10, 11][10, 12][7, 14][2, 5][3, 11][1, 4][0, 1][3, 5][7, 14][12, 13][9, 13][6, 9][5, 7][8, 14] 
[13, 12, 9, 7, 14][12, 13, 9, 7, 14][9, 10, 11][1, 3][10, 12][2, 5][3, 11][1, 4][0, 1][3, 5][12, 13][9, 13][6, 9][5, 7][8, 14] 
[1, 2, 5, 7, 9, 12][9, 6, 14][3, 4][10, 12][10, 11][5, 14][2, 5][3, 11][1, 4][0, 1][3, 5][12, 13][9, 13][5, 7][8, 14] 
[1, 3, 5, 14, 8][7, 9, 10, 12, 13][5, 14, 6, 9, 10][4, 3, 11, 10][5, 7, 9][1, 3][1, 2][12, 13][9, 13][12, 13][12, 13][8, 14][10, 12][3, 5][0, 1] 
[1, 3][10, 12][10, 11][7, 14][2, 5][3, 11][1, 4][0, 1][3, 5][7, 14][12, 13][9, 13][6, 9][5, 7][8, 14] 
[3, 1, 2, 5, 14, 6, 9, 7][9, 10, 11][10, 12][7, 14][2, 5][3, 11][1, 4][0, 1][3, 5][7, 14][12, 13][9, 13][6, 9][5, 7][8, 14] 
[3, 1, 2, 5, 14, 6][9, 10, 11][10, 12][7, 14][2, 5][3, 11][1, 4][0, 1][3, 5][7, 14][12, 13][9, 13][6, 9][5, 7][8, 14] 
