[1, 4][12, 13][6, 9][0, 1][3, 11][8, 14][6, 14][3, 4][7, 14][2, 5][10, 12][8, 14][5, 7][1, 2][9, 13] 
[0, 1, 4, 3, 11][5, 14, 6][2, 5][9, 13][10, 11][9, 10][8, 14][10, 11][7, 9][5, 7][6, 14][6, 9][10, 12][7, 9][10, 12] 
[0, 1, 2, 5, 7, 9, 10][3, 5, 14][1, 4][12, 13][6, 9][3, 11][6, 14][3, 4][10, 11][2, 5][10, 12][8, 14][1, 2][1, 2][9, 13] 
[10, 12, 9, 6, 14][0, 1, 4, 3, 11][8, 14, 7, 9][1, 2, 5][5, 14][9, 13][10, 11][9, 10][8, 14][10, 11][5, 7][6, 14][6, 9][7, 9][10, 12] 
[12, 13, 9, 10, 11, 3, 5, 14][0, 1, 2, 5, 7, 9, 10][4, 3, 11, 10, 9, 13][1, 2, 5, 14, 8][2, 1, 3][1, 4][12, 13][6, 9][3, 11][3, 5][6, 14][3, 4][2, 5][10, 12][1, 2] 
[2, 1, 3, 5, 7, 9, 13, 12][0, 1, 2, 5, 7, 9, 10][9, 10, 11, 3, 5, 14][4, 1, 2, 5, 14, 8][2, 5, 14, 6][1, 4][12, 13][6, 9][3, 11][3, 5][6, 14][3, 4][10, 12][1, 2][9, 13] 
[5, 7, 9, 13, 12][0, 1, 3, 4][1, 4][12, 13][6, 9][3, 11][8, 14][6, 14][3, 4][5, 14][2, 5][10, 12][8, 14][1, 2][9, 13] 
[9, 13, 12, 10][0, 1, 4, 3][1, 2, 5][5, 14][9, 13][10, 11][9, 10][8, 14][10, 11][7, 9][5, 7][6, 14][6, 9][7, 9][10, 12] 
[0, 1, 2, 5, 7, 9, 10][1, 4][12, 13][6, 9][3, 11][3, 5][6, 14][3, 4][5, 14][2, 5][10, 12][8, 14][1, 2][1, 2][9, 13] 
[1, 4][12, 13][6, 9][0, 1][3, 11][8, 14][6, 14][3, 4][7, 14][2, 5][10, 12][8, 14][5, 7][1, 2][9, 13] 
[0, 1, 2, 5, 7][11, 3, 5, 14][1, 4][12, 13][6, 9][3, 11][3, 5][6, 14][3, 4][2, 5][10, 12][8, 14][1, 2][1, 2][9, 13] 
[0, 1, 2, 5, 7, 9, 10][4, 3, 5, 14][1, 4][12, 13][6, 9][3, 11][6, 14][3, 4][10, 11][2, 5][10, 12][8, 14][1, 2][1, 2][9, 13] 
[10, 12, 9, 6, 14][0, 1, 4, 3][1, 2, 5][5, 14][9, 13][10, 11][9, 10][8, 14][10, 11][7, 9][5, 7][6, 14][6, 9][7, 9][10, 12] 
[0, 1, 2, 5, 7, 9, 10][3, 11, 10, 9, 7, 14, 6][1, 2, 5, 14, 6][3, 5, 14][1, 4][12, 13][6, 9][3, 11][3, 4][2, 5][10, 12][8, 14][1, 2][1, 2][9, 13] 
[2, 1, 3, 5, 7, 9, 13, 12][0, 1, 2, 5, 7, 9, 10][9, 10, 11, 3, 5, 14][4, 1, 2, 5, 14, 8][2, 5, 14, 6][1, 4][12, 13][6, 9][3, 11][3, 5][6, 14][3, 4][10, 12][1, 2][9, 13] 
[6, 14, 7, 9, 12, 13][0, 1, 4][1, 4][6, 9][3, 11][8, 14][6, 14][3, 4][7, 14][2, 5][10, 12][8, 14][5, 7][1, 2][9, 13] 
