[0, 1][3, 5][3, 4][6, 14][1, 3][5, 7][10, 12][1, 4][5, 14][12, 13][9, 12][2, 5][10, 11][6, 9][8, 14] 
[1, 2, 5, 7][7, 9, 13, 12][3, 4][3, 5][8, 14][6, 14][1, 3][6, 14][1, 4][9, 10][9, 12][0, 1][10, 11][6, 9][3, 4] 
[0, 1, 3, 5, 14, 8][7, 9, 10][1, 4][9, 13][6, 14][1, 3][5, 7][6, 14][1, 3][5, 14][12, 13][9, 12][2, 5][10, 11][6, 9] 
[4, 3, 11, 10, 9, 6, 14, 5][0, 1, 2, 5][3, 4][3, 5][8, 14][6, 14][1, 3][5, 7][6, 14][1, 4][12, 13][9, 12][10, 11][6, 9][3, 4] 
[3, 11, 10, 12, 13, 9, 6, 14][4, 3, 5, 14, 6, 9][0, 1, 2, 5, 14, 8][2, 5, 7, 9, 13, 12][2, 5, 3, 4][1, 4][9, 13][6, 14][1, 3][6, 9][9, 12][2, 5][10, 11][6, 9][8, 14] 
[3, 4, 1, 2, 5, 14, 6, 9][3, 5, 7, 9, 10, 11][8, 14, 6, 9, 12, 13][0, 1, 3, 5, 14, 8][3, 1, 2, 5, 7][3, 5, 7, 9, 12][0, 1, 2, 5][1, 4][6, 14][5, 7][6, 14][1, 4][5, 14][12, 13][10, 11] 
[5, 14, 6, 9][0, 1, 2][1, 4][9, 10][9, 13][6, 14][1, 3][5, 7][6, 14][1, 3][12, 13][9, 12][2, 5][10, 11][8, 14] 
[4, 1, 2, 5, 7, 9, 10][1, 4][3, 5][8, 14][6, 14][1, 3][6, 14][1, 4][5, 7][12, 13][9, 12][0, 1][10, 11][6, 9][3, 4] 
[4, 3, 11, 10, 12, 13, 9, 7][4, 3, 11, 10, 9, 6, 14, 5][0, 1, 2, 5][3, 5][8, 14][6, 14][1, 3][5, 7][6, 14][1, 4][12, 13][9, 12][10, 11][6, 9][3, 4] 
[5, 14, 8][1, 4][9, 10][9, 13][6, 14][1, 2][5, 7][6, 14][1, 3][0, 1][12, 13][9, 12][2, 5][10, 11][6, 9] 
[4, 3, 11, 10, 9, 6, 14, 5][0, 1, 2, 5][3, 4][3, 5][8, 14][6, 14][1, 3][5, 7][6, 14][1, 4][12, 13][9, 12][10, 11][6, 9][3, 4] 
[3, 11, 10, 12, 13, 9, 6, 14][4, 3, 5, 14, 6, 9][0, 1, 2, 5, 14, 8][2, 5, 7, 9, 13, 12][2, 5, 3, 4][1, 4][9, 13][6, 14][1, 3][6, 9][9, 12][2, 5][10, 11][6, 9][8, 14] 
[3, 1, 2, 5, 7, 9, 13, 12][3, 4, 1, 2, 5, 14, 6, 9][3, 5, 7, 9, 10, 11][8, 14, 6, 9, 12, 13][3, 5, 7, 9, 12][0, 1, 2, 5][9, 6, 14][5, 14, 8][1, 4][6, 14][5, 7][1, 4][5, 14][12, 13][10, 11] 
[2, 5, 7, 9, 10][1, 4][3, 5][8, 14][6, 14][1, 3][6, 14][1, 4][5, 7][12, 13][9, 12][0, 1][10, 11][6, 9][3, 4] 
[4, 1, 2, 5, 7, 9, 10][1, 4][3, 5][8, 14][6, 14][1, 3][6, 14][1, 4][5, 7][12, 13][9, 12][0, 1][10, 11][6, 9][3, 4] 
[4, 3, 5, 7, 9, 10, 11][3, 1, 2, 5, 7][0, 1, 2, 5, 14][1, 3, 5, 14, 8][5, 14, 6, 9][1, 4][9, 13][6, 14][5, 7][6, 14][1, 3][12, 13][9, 12][2, 5][10, 11] 
