39260.92485549133 15.0 0.5574823378291587 
53510.06535437171 16.0 0.31085420680796405 
62834.48509739135 17.0 0.2119460500963391 
76827.1686612104 15.0 0.23763648041104687 
89358.94666410515 16.0 0.17212588310854207 
117760.33897472815 15.0 0.11947584789311405 
139642.84199586074 16.0 0.0340398201669878 
222558.75498112725 15.0 0.0 
64479.901087311206 16.0 0.17276814386640976 
76302.12493860204 17.0 0.10468850353243417 
110222.21746766506 15.0 0.2113037893384714 
97147.03803728457 16.0 0.050102774922812614 
91422.44463767587 16.0 0.1245985870263327 
117319.39735589079 15.0 0.11947584789311408 
70936.33586158976 15.0 0.42196531791907516 
75434.37409229063 15.0 0.25305073859987154 
