37255.53628773282 15.0 0.6673089274245344 
42052.72252875577 16.0 0.5208734746307001 
54898.03128698694 17.0 0.3236994219653179 
64827.11916670108 15.0 0.23892100192678228 
82546.1363279492 16.0 0.060380266218527885 
106312.43050189917 15.0 0.12975334018499488 
189970.1130981071 16.0 0.007707129094412331 
201225.59656177383 15.0 0.0 
61154.40315480088 16.0 0.3166345536287733 
71981.77056471471 16.0 0.12911099691675232 
81967.46553060906 15.0 0.18625561978163135 
64822.857874364425 15.0 0.23895169184353587 
121918.58742296619 15.0 0.12397299336418562 
66920.03459201679 17.0 0.19588953114964675 
189926.34121579982 16.0 0.007708119091726964 
155620.6961713616 17.0 0.023766700924923934 
