36305.92806679512 15.0 0.5895953757225434 
53441.452707614546 16.0 0.34428163113607557 
61174.80443675105 17.0 0.22992935131663456 
68977.52129435449 15.0 0.35260115606936415 
80975.87661360505 16.0 0.13423249839434812 
117100.11720923091 17.0 0.017341040462427744 
110826.3751670145 15.0 0.1329479768786127 
155903.34432613896 16.0 0.0 
218640.25379057412 15.0 0.0 
61763.817428485 16.0 0.18884891774731064 
72381.0277590547 17.0 0.08992805755395682 
93411.51833612318 16.0 0.04946043165467624 
56819.770087925244 15.0 0.3924235505511191 
110606.0174288202 15.0 0.1329650543322901 
69974.34499560733 16.0 0.1779290845821943 
87840.32021402792 17.0 0.07642903018625562 
