37955.81138029485 15.0 0.5626204238921002 
67591.55173740949 15.0 0.1920359666024406 
80578.3835728229 16.0 0.06166495375128467 
107990.40996809534 15.0 0.12909441233140656 
156142.1414299903 16.0 0.01605651894669236 
178658.50588606417 15.0 0.0 
59412.21862794264 16.0 0.24534360950545922 
68753.92275065658 16.0 0.12010276172125883 
109338.57639526403 16.0 0.030828516377649325 
41727.86769428389 15.0 0.4630700064226076 
58878.3075167105 15.0 0.28387925497752087 
93416.4541781778 16.0 0.048811817597944764 
119114.47845384708 15.0 0.11690647482014385 
149891.0539145518 16.0 0.01605858144109784 
62363.551142474724 16.0 0.2254624871530761 
76025.84002055663 17.0 0.07514450867052024 
