35278.392742453434 15.0 0.6095054592164418 
45562.771322967885 16.0 0.4129800206077912 
58539.57595499709 17.0 0.22671804752729607 
74341.88657192893 15.0 0.23124357656682745 
72383.56918260177 16.0 0.10789980732177264 
89867.32513900432 17.0 0.04946043165467626 
114532.02343078192 15.0 0.08864337101747174 
146478.27074015344 16.0 0.00449582530507386 
225549.63464059884 15.0 0.0 
64594.24537534901 16.0 0.40976236351958895 
67035.09636912587 16.0 0.19717405266538215 
69709.46985713732 17.0 0.10083493898522801 
93249.82853622558 16.0 0.05523442517662171 
89867.32513900432 17.0 0.04946043165467626 
45562.771322967885 16.0 0.4129800206077912 
47419.53420237654 15.0 0.4463712267180475 
