[5, 7][2, 5][1, 3][5, 14][6, 9][3, 11][8, 14][9, 13][12, 13][10, 11][0, 1][1, 2][10, 12][1, 4][7, 14] 
[5, 7, 9][9, 10][6, 9][7, 14][8, 14][3, 5][9, 13][3, 4][1, 4][3, 11][0, 1][10, 12][1, 2][12, 13][7, 14] 
[2, 5, 7, 9][0, 1][1, 2][1, 3][1, 4][9, 10][5, 14][10, 12][3, 11][9, 13][6, 9][8, 14][10, 11][7, 14][5, 14] 
[4, 3, 5, 14, 8][0, 1, 2, 5][3, 5][5, 7][7, 9][9, 13][6, 9][3, 11][12, 13][10, 11][8, 14][7, 14][1, 2][3, 11][8, 14] 
[0, 1, 2, 5, 7, 9, 13][1, 4, 3][8, 14][7, 14][6, 9][9, 10][10, 12][3, 11][1, 3][9, 13][8, 14][3, 11][7, 14][3, 11][7, 14] 
[0, 1, 2, 5, 7, 9][4, 3, 5, 14, 8][6, 14, 7, 9, 10][7, 14][5, 14][1, 4][6, 9][9, 13][12, 13][10, 12][10, 11][3, 11][7, 14][10, 11][3, 11] 
[0, 1, 2, 5, 7, 9][1, 2, 5, 7, 9][1, 4, 3][2, 5][3, 11][9, 10][9, 13][6, 9][7, 14][8, 14][10, 12][7, 14][3, 5][1, 3][7, 14] 
[5, 2, 1, 3, 11, 10, 12, 13][0, 1, 2, 5, 7, 9][4, 3, 5, 14, 8][6, 14, 7, 9, 10][9, 13][12, 13][6, 9][3, 11][9, 13][9, 13][5, 7][3, 11][12, 13][3, 11][1, 4] 
[5, 2, 1, 3, 11, 10, 12, 13][0, 1, 2, 5, 7, 9][0, 1, 2, 5, 7, 9][6, 14, 7, 9, 10][4, 3, 5, 14, 8][4, 3, 5, 14, 8][4, 3, 5][9, 13][3, 4][6, 9][3, 11][6, 9][1, 4][9, 13][1, 4] 
[1, 2, 5, 7, 9][8, 14][7, 14][9, 10][3, 5][3, 11][3, 4][10, 12][9, 13][0, 1][6, 9][8, 14][12, 13][8, 14][7, 14] 
[0, 1, 2, 5, 7, 9, 13][9, 10][7, 14][3, 5][8, 14][10, 12][10, 11][6, 9][1, 4][8, 14][8, 14][7, 14][1, 3][7, 14][8, 14] 
[0, 1, 2, 5, 7, 9, 13][11, 10, 12, 13][4, 3, 5][1, 2][9, 10][3, 11][6, 9][5, 14][10, 12][8, 14][8, 14][8, 14][3, 11][7, 14][8, 14] 
[4, 3, 5, 14, 8][0, 1, 2, 5][9, 10][10, 11][9, 13][12, 13][6, 9][1, 2][3, 11][5, 7][6, 9][7, 14][5, 14][10, 12][5, 14] 
[0, 1, 2, 5, 7, 9][1, 2, 5, 7, 9][1, 4, 3][2, 5][3, 11][9, 10][9, 13][6, 9][7, 14][8, 14][10, 12][7, 14][3, 5][1, 3][7, 14] 
[0, 1, 2, 5, 7, 9][8, 14][7, 14][3, 4][6, 9][9, 10][10, 12][3, 11][1, 3][9, 13][8, 14][3, 11][7, 14][3, 11][7, 14] 
[0, 1, 2, 5, 7, 9, 13][10, 11][3, 11][1, 3][5, 14][8, 14][1, 4][6, 9][10, 12][8, 14][1, 3][7, 14][1, 4][9, 10][5, 14] 
