[9, 10][10, 12][12, 13][6, 9][6, 14][5, 14][2, 5][8, 14][5, 7][1, 2][1, 4][0, 1][3, 4][3, 11][3, 11] 
[2, 5, 7, 9][1, 3][1, 2][3, 11][6, 9][10, 12][12, 13][6, 14][1, 4][0, 1][8, 14][3, 4][6, 14][9, 10][8, 14] 
[3, 1, 2, 5, 7][6, 9, 7][6, 14][9, 10][8, 14][10, 12][0, 1][3, 11][1, 4][12, 13][8, 14][12, 13][8, 14][8, 14][3, 11] 
[1, 2, 5, 3, 4][10, 11][10, 12][7, 9][6, 9][5, 7][5, 14][0, 1][8, 14][0, 1][8, 14][3, 11][9, 13][9, 10][8, 14] 
[1, 2, 5, 7, 9][0, 1][1, 3][3, 11][5, 14][9, 10][8, 14][6, 9][10, 12][12, 13][1, 4][3, 11][3, 11][6, 9][8, 14] 
[0, 1, 2, 5, 3, 4][5, 7, 9, 13, 12][5, 7, 9, 13][5, 14][6, 9][9, 10][10, 11][8, 14][1, 4][8, 14][8, 14][5, 14][9, 10][8, 14][1, 3] 
[1, 2, 5, 14, 6, 9, 12][1, 2, 5, 3, 4][5, 7, 9, 13, 12][8, 14][7, 9][0, 1][10, 12][12, 13][10, 11][3, 11][12, 13][0, 1][3, 4][5, 7][9, 10] 
[5, 3, 11, 10, 9, 7, 14, 8][1, 2, 5, 14, 6, 9, 12][0, 1, 2, 5, 3, 4][5, 7, 9, 13, 12][2, 5][10, 12][12, 13][1, 2][3, 4][6, 9][0, 1][10, 12][6, 14][3, 11][3, 4] 
[1, 2, 5, 7, 9][6, 9, 10][1, 4][6, 14][8, 14][1, 3][0, 1][10, 12][3, 11][12, 13][8, 14][3, 11][8, 14][6, 14][8, 14] 
[3, 1, 2, 5, 7, 9][6, 9, 10][6, 14][1, 4][3, 11][0, 1][8, 14][10, 12][12, 13][8, 14][8, 14][1, 4][10, 11][8, 14][8, 14] 
[1, 2, 5, 3, 4][1, 2, 5, 3, 4][7, 9, 13, 12][10, 12][5, 7][10, 11][6, 9][6, 14][8, 14][0, 1][5, 14][3, 11][9, 10][1, 4][8, 14] 
[1, 2, 5, 14, 6, 9, 12][0, 1, 2][9, 10][7, 9][8, 14][12, 13][1, 3][10, 11][1, 4][5, 7][5, 14][12, 13][3, 11][10, 12][5, 14] 
[3, 1, 2, 5, 7, 9][6, 9, 10][10, 12][12, 13][3, 11][6, 14][1, 4][8, 14][0, 1][1, 4][2, 5][8, 14][9, 10][6, 14][5, 7] 
[0, 1, 2, 5, 3, 4][5, 7, 9, 13, 12][5, 7, 9, 13][5, 14][6, 9][9, 10][10, 11][8, 14][1, 4][8, 14][8, 14][5, 14][9, 10][8, 14][1, 3] 
[1, 2, 5, 3, 4][3, 11][1, 3][0, 1][5, 7][5, 14][10, 11][10, 12][7, 9][6, 9][9, 13][8, 14][6, 9][8, 14][3, 11] 
[1, 2, 5, 3, 4][7, 9][5, 7][3, 11][0, 1][9, 10][9, 13][12, 13][6, 9][5, 14][8, 14][3, 11][10, 11][2, 5][9, 13] 
