35555.70648683366 15.0 0.6396917148362236 
51461.89437729901 16.0 0.348747591522158 
82169.99406332761 15.0 0.25690430314707774 
86021.9233943435 16.0 0.10661635844091037 
150494.56238332333 18.0 0.009633911368015413 
102937.1062895355 15.0 0.09506680369989721 
152099.6725396007 16.0 0.011572905177096967 
299860.09625591175 15.0 1.875550771722579E-25 
81420.81490501923 16.0 0.20166987797045602 
81344.39083470558 17.0 0.07642903018625562 
94851.33700893143 16.0 0.02954779033915725 
62551.31060356854 15.0 0.4753059607325815 
166845.92926953896 16.0 0.007066354901114592 
352856.0824559357 15.0 2.409185320131765E-29 
81419.62869532927 16.0 0.20169578622816026 
94851.33700893143 16.0 0.02954779033915725 
