37155.835046248714 15.0 0.6172918807798968 
61272.727364488775 16.0 0.19849537380830265 
77195.70896488006 18.0 0.09890881834183525 
84401.85632696285 15.0 0.29543994861913936 
89055.50146329192 16.0 0.059095333147189934 
117833.53036802905 15.0 0.14645426581641652 
222497.5192805465 16.0 0.005217378533176608 
234238.69079341236 15.0 3.36906633414834E-22 
53015.500847819625 16.0 0.2864850976359903 
77088.88017249289 16.0 0.1252408477842004 
94922.6816987504 15.0 0.18627954779033915 
178099.0151539318 16.0 0.05396079503031266 
53015.50084782158 16.0 0.28648509721209936 
178235.3351422792 16.0 0.05395683504110858 
115579.40437172342 15.0 0.1483810474329886 
94922.6816987504 15.0 0.18627954779033915 
