39210.032506998796 15.0 0.6140012845215157 
57316.42054002692 16.0 0.24791265253692998 
64327.73290364524 18.0 0.15543197345534374 
64344.91217076732 15.0 0.17085489329423245 
92566.07393418456 16.0 0.05138944060614235 
83545.07864140547 15.0 0.10534124359544157 
148659.91094170813 16.0 0.0 
195009.34500598197 15.0 0.0 
73345.55022848862 16.0 0.09442445887365532 
129170.54092202507 16.0 0.037913349850814494 
49427.01771558922 15.0 0.5375722543352601 
64327.73290364524 18.0 0.15543197345534374 
58968.412654948705 15.0 0.288388611591984 
83545.07863480634 15.0 0.10534429559969112 
165694.53206384796 15.0 0.09506680369991898 
72366.91410868331 16.0 0.1413039678151068 
