34465.8734746307 15.0 0.603082851637765 
63302.92249917154 15.0 0.23445504537740577 
148717.1129468932 17.0 0.017341040462427744 
119891.63064039066 15.0 0.17279033915724562 
165247.37564476667 16.0 0.00899165061014772 
168399.6497492764 15.0 0.0 
57557.95872426087 16.0 0.294155427103404 
69484.83090068771 17.0 0.13809489041760975 
84770.40059863497 15.0 0.23252826310380267 
97542.40685751008 16.0 0.08157998621428739 
40919.68250961168 15.0 0.538236300481201 
62535.428395068346 15.0 0.3018625561978163 
165247.33486341866 16.0 0.008992805755395683 
155528.5281027684 15.0 0.020552344251766216 
84770.40059863497 15.0 0.23252826310380267 
81500.49587549311 16.0 0.09056924598409945 
