34195.79319203597 15.0 0.6358381502890174 
61973.043098272814 16.0 0.25627664907845626 
72646.50922229921 15.0 0.240876168097893 
101087.43898655049 16.0 0.03597122302157049 
95449.82624380659 15.0 0.1361592806679512 
243131.26538924262 15.0 0.0 
58422.113265899636 16.0 0.3089671120246659 
72923.6234539985 16.0 0.11371307578214884 
166271.32836588623 16.0 0.0 
35095.863951695785 15.0 0.6211459403895796 
61973.043028981905 16.0 0.2562949616761822 
89024.40383023984 15.0 0.2151849948612484 
101087.43898655049 16.0 0.03597122302157049 
237496.4333912495 15.0 0.00899165061014772 
58422.11326589964 16.0 0.30896711202430516 
60426.39468029221 15.0 0.4682080924855491 
