35495.65189466924 15.0 0.6602440590879898 
61233.42298698976 16.0 0.20680796403339757 
76915.46066663688 15.0 0.2787751643859504 
90230.81960229081 16.0 0.023127905921280608 
160072.96820429948 15.0 0.2145150931278099 
210807.80519455543 16.0 1.0058208051137697E-158 
218197.52220761217 15.0 7.41904588322483E-11 
58031.307000642264 16.0 0.28387925497752087 
82300.03826347244 16.0 0.13359023763648042 
50401.837622726045 15.0 0.4123314065510597 
80041.05575370516 15.0 0.25436793462676754 
112656.70407769416 16.0 2.968312225079033E-10 
210806.26634172548 16.0 7.830314967810697E-155 
281491.9758369323 15.0 9.529924063230355E-15 
54439.92040066139 16.0 0.4020552344251766 
88567.71541898257 16.0 0.11175337186897881 
