1348 548.5676004727407 537.9132790058112
1360 548.5581704838871 313.40971054073935 279.99325892563274 438.5927825344651 506.5894426430576 428.49293830675344 376.84938350838144 313.3794689757879 32.53633790232286 20.942860978406085 252.1390087624057 293.7437151744936
554 263.55505370536014 199.96934074323252 84.6005483937284 176.0988153284076 347.88864460506545 192.6139991209138 261.43238903236977 154.58384731421347 176.0066123026474 187.07798122258058 182.0354643749927
671 42.96220570058324 276.70031076017 101.38141356837097
1774 173.7280264239573 339.6715173990861
1769 471.54320706512226 419.0859835228481 154.52490674806378 67.81265439544084
1757 291.4223285375955 366.64594611531214 303.7557679395785 177.64463060785064
436 292.99518720650485
1358 386.89689785320957 166.11845160179024
1754 306.6007975423501 207.93621836530454
1772 198.36239611236516 197.58048680240765 413.1781443025086
1768 368.5798741062041 270.3650201315602 310.25446993684426 283.36425767845736 229.50461409596215 206.57033910371877
1758 428.8539782476056 699.5122832464276
537 496.23453423985046 252.02573045422196 335.44571823520874
536 443.19999472337844 370.73036801780614 452.48946219360306
569 319.7955582912851 352.71838488468535 66.8293726066485 461.5971239440715
2159 226.62351899230123 288.32964974346 312.44890371521285
1461 90.30917139943898 135.0428116436031 219.22528856257856 270.49104628516693
1788 255.63276287651777 169.56132943976723 270.90949200854703 367.41131415246537
575 358.4255154070979 505.49054736822075 185.09355333768949 353.69451273923084 267.35657475591114 209.1473070591291 215.95211919943344 153.46127058968568 346.64261249259687 336.07328274226114 606.0532029729275 681.3087238272863
1051 350.93473913257503 147.34279427401324 14.606077462094541
691 623.5783795638754 545.6485588299946 329.8711770012046 337.56844851550534
1787 18.53545802576288 284.0453387736612 288.8698051670888 281.4321918657741 281.6470708665715
545 165.84511766469987 91.66904363586633 326.2510349768101 113.72542347192567 162.36882563189994
1790 334.28821472094415 305.8603935180995 311.33064624298953 225.98088793500466 373.76980662672537 189.48791716395095 305.0228049742811 362.76321158081 267.4440848652902 261.01718625647203 165.76670220334447 148.79188923358777 187.4772226118675 260.8511097309899 140.13867800390958 151.5039825765028 125.86359846079854 80.13421776088688 44.97059038906747 55.7812993195214 73.38843713486449 191.62797763365447 202.89188110921467 78.48293747235387 157.67086480412775
1789 118.54528102498634 187.88910046943533 58.8780639743869 141.44062177756234 139.60344590915778 278.19442323333965 157.5238539862579 261.1203723884455 116.66117774426931 159.44904937981266 80.97057628614347 98.2499275975978
2252 398.56038370192675 295.2436722277614 368.36117072619004 288.25599178104557
425 405.79980187846456 140.28886262280554 270.425077684822 208.0408392046151 363.97269427604255 165.30185714821448 230.7516329708565 151.50376889525597 399.14182561340317 403.1312213987694 435.4331585013343
2161 368.44721755204733 363.01431075889155 381.19583529812047 376.57400146506205 386.23192688055127 361.517122548676 355.40999272389934 364.4485347601577
2162 521.3706175237293 225.9118033569219
635 325.1767143845337 269.9238978063138
923 269.7079758540409
543 361.0707418257199 305.2845680698346 306.6224069984304 354.98483047286004 910.815164940536 267.3656367577864 228.6899556087699 49.63749941904083
434 59.80703948927987 375.87839161254874 532.9525167404393 634.479944393544 512.6832537083684
2264 344.9640383630479 257.1710327719699 220.52356164013895 159.24007202565457
2265 625.5816898928011 585.5908798873195 584.8302292695357 928.7616991078747 478.8489870970336 567.1526320099993 418.96906953249953 554.1717528814534 312.7611148998235 409.8110723726002 506.02858543932155 266.29010171496486 312.3434162041424 232.77147621282955 368.3796118687128 796.0046546947134 705.9131692164781 647.7926351475627 520.8363222762445
435 487.2468612300276 292.6941924502704 427.3307888959461 343.0380527989017 279.82276105244716 321.2049837887799 297.45875114746264 390.2372168884626
2262 408.14048518997623 510.74194789222946 564.3157699827515 257.7993988625658 557.4256938040472 477.83531492964755 501.7217130397133 507.8930736756654 452.92083107923094 385.1110440317053 356.5581575645289 469.4842477625991 479.13069252619357 503.1705562967723 324.0438715871199 500.47832007289816 507.2426245017615 496.436809667291 523.0378227984515 498.02673039012535 527.5627679392783 486.3336205568528
2263 255.6279852095408 277.9943388512633 210.84064602240812 301.1232368189715 149.89921728437903 135.4209418195158 198.28668458532047 276.9287084735263 275.991244984679 207.04317925135166 171.96308702169338 332.72751022749486 161.30975213620636 224.70899305998716 458.7956600534133 219.95701413859967
2261 267.3233333142797 462.2374383479885 484.3461319456881 422.44414507810137 318.33353960471953
514 286.323899561855 240.52560908519922
2259 597.6618201021976 283.1442354083294 612.7249308703891 686.8446530414201 834.3773540986867 536.4512651445675 180.0486896576952 49.66724928996384 187.7630168931386 345.45363509319174 262.6123925751058
2163 517.0312598210456 357.74520375901807
2164 289.15459778495415 265.48944786051356 309.82925148358123
2260 481.58971985024004 377.5732842392226 364.7465354903804 534.1680890994925 491.2771566856742
2255 429.6958293492299 354.80318377335027 75.48086655378363
2251 349.18664480085096 200.4745183919248 292.9379016566221 441.9715905904981 433.83838615978993 425.4356408130525 435.44507829250574 383.8192862073003 386.88312773600654 428.40669174792623 413.31183725011294 395.78341802181563
2256 509.3329502178265 537.9882803611326 631.3368285972539 266.56579900538304 140.08552508567328 584.7515543775218 137.31556656957451 406.82894610599317 454.7313591308705 295.16989118857515 655.680887707243 702.882476583525 746.1196149607734
2254 291.78615553141793 443.7937942085368 179.91161226830027 218.50820853468164 214.53704476773743 134.18094528691347 77.7993442837848
2253 457.4873713343727 406.593472612333 412.8729494051839 280.45197526033246
528 143.9803475526383 333.99689415876423 145.93890162867666
1352 144.85787459575454 358.84010975713704
2250 79.67623368244008 208.9785944068968 406.2119564863131 418.46999156609166
331 602.0095002542689 981.6020697349659 504.58521982323106 571.8828659189827 469.6901883656889 587.7442251581876 520.9596001141731 566.1889378985505 955.1113160247403 328.80310697290736 212.46554298553963 140.96137033862553 178.78216589747478 471.4681810061149 542.3052193842 508.7828015207079 660.3453982927552 552.6377612741959
2257 315.5207716375477 561.7736317841111 635.4876361608291 724.1749919663923 463.86751753269584 685.6841707062772 658.6725694176747 580.9290280354342 515.9455837924892 395.4817041763866 410.86040240067024 384.96358817963477 284.9560838847243 357.28126270198493 319.98434574019996 290.0155638241641 194.63961321610236 125.9117724634157 728.9659566740839 474.6972495250723 282.43243462398055 415.69859666373384 387.4948804675499 604.1454178832694 599.02310877634
308 426.6185456511222 215.4173581804319 442.52202872215173 568.6505268355928 583.9107140316487 593.2917744691941 584.6632120406382 543.2878088568377 445.1295129797184 356.21209674679767 557.1261322544668
74 0
2305 0
