33655.52665382145 15.0 0.6917148362235067 
46232.17688616874 16.0 0.4245343609505459 
61242.532214092906 17.0 0.23442517662170842 
66419.07482045439 15.0 0.25626204238921 
78648.78606296702 16.0 0.18432883750802825 
93720.58306535264 17.0 0.06358381502890173 
118022.65984111278 15.0 0.16120745022479127 
145810.65207311756 16.0 0.009633911368015413 
210197.06201126074 15.0 0.0 
62093.62861490954 16.0 0.23057161207450225 
73525.79927661158 17.0 0.1245985870263327 
98758.37627676693 15.0 0.24149004495825305 
84909.8154576401 16.0 0.08349389852280026 
54538.39539448522 15.0 0.3249839434810533 
78243.68313876334 16.0 0.2119460500963391 
204966.95279558407 15.0 0.011560693641618497 
