38930.90627580512 15.0 0.6602440590879898 
48657.73751296873 16.0 0.4444444444444444 
59000.39922137297 17.0 0.23057161207450225 
76468.40825952412 15.0 0.26204238921001927 
79431.06364172515 16.0 0.12652536929993577 
111297.939127919 17.0 0.0680796403339756 
128409.04121804712 15.0 0.14258188824662812 
174164.64273255906 16.0 0.0032113037893384713 
247398.74898017274 15.0 0.0 
68273.46687927713 16.0 0.2138728323699422 
72586.72539729906 17.0 0.10854206807964033 
94145.53668685678 16.0 0.0783558124598587 
40289.38713083614 15.0 0.6480411046885035 
100194.89218935593 17.0 0.07000642260757868 
239505.38739988915 16.0 0.0 
168503.54329348175 17.0 0.06422607578676943 
