[7, 14][5, 7][2, 5][3, 5][3, 4][1, 4][0, 1][6, 14][6, 9][3, 11][8, 14][10, 11][10, 12][12, 13][8, 14] 
[1, 3, 5][5, 7, 9][1, 2][1, 4][9, 10][3, 11][6, 9][7, 14][8, 14][0, 1][9, 13][12, 13][7, 14][7, 14][8, 14] 
[3, 4, 1, 2, 5][9, 13, 12][1, 2][5, 7][0, 1][7, 14][8, 14][6, 9][3, 11][7, 14][3, 11][7, 14][9, 10][7, 9][3, 11] 
[0, 1, 3, 5, 7, 9, 12, 13][6, 9][7, 14][1, 4][3, 11][8, 14][9, 10][10, 11][9, 10][7, 14][8, 14][1, 2][8, 14][7, 14][8, 14] 
[1, 3, 5, 7, 9][1, 3, 5, 7, 9][8, 14][7, 14][1, 2][3, 4][6, 9][9, 10][0, 1][10, 11][9, 12][12, 13][8, 14][8, 14][10, 12] 
[1, 4, 3, 11, 10, 9, 13, 12][0, 1, 3, 5, 7, 9, 13, 12][0, 1, 3, 5, 7, 9, 12, 13][3, 4, 1, 2, 5, 14, 8][7, 14, 6, 9][10, 11][7, 14][8, 14][6, 9][9, 13][7, 14][10, 11][8, 14][12, 13][1, 4] 
[1, 3, 5, 7, 9][1, 2][7, 14][8, 14][6, 9][3, 4][9, 10][9, 13][12, 13][10, 11][7, 14][8, 14][8, 14][8, 14][0, 1] 
[0, 1, 3, 5, 7, 9, 13, 12][6, 14, 5, 7][1, 2][1, 4][6, 9][3, 11][0, 1][9, 10][12, 13][7, 14][8, 14][6, 9][3, 11][2, 5][0, 1] 
[7, 9][9, 13][7, 14][8, 14][6, 9][12, 13][5, 7][3, 5][10, 12][3, 4][3, 11][1, 4][1, 2][0, 1][10, 12] 
[1, 3, 5, 7, 9, 13][0, 1][3, 11][6, 9][1, 2][12, 13][7, 14][8, 14][9, 10][1, 4][7, 14][7, 14][3, 11][8, 14][5, 7] 
[3, 11, 10, 12, 9, 6, 14, 7][3, 5, 7, 14, 6, 9, 12, 13][8, 14, 5, 7, 9, 10, 12][1, 3, 5, 7, 9, 13][3, 5][3, 11][12, 13][6, 9][0, 1][1, 2][9, 10][1, 4][7, 14][0, 1][10, 12] 
