[4, 3, 11, 10][0, 1][1, 2][6, 9][7, 14][8, 14][6, 14][8, 14][5, 7][9, 13][2, 5][10, 12][6, 14][8, 14][3, 5] 
[2, 5, 7, 9][6, 9][6, 14][1, 2][3, 4][3, 11][8, 14][9, 13][10, 12][0, 1][10, 11][8, 14][1, 3][8, 14][6, 14] 
[2, 5, 7, 9][10, 11][6, 9][3, 5][6, 14][8, 14][3, 4][1, 2][9, 13][0, 1][10, 12][9, 10][6, 14][8, 14][6, 14] 
[1, 2, 5][0, 1][1, 3][7, 9][6, 9][5, 14][8, 14][1, 4][9, 10][9, 13][10, 12][10, 11][8, 14][5, 7][10, 12] 
[4, 3, 1, 2, 5, 7, 9][6, 9, 13, 12][1, 4][0, 1][10, 11][5, 14][8, 14][5, 14][10, 11][5, 14][5, 14][12, 13][5, 14][10, 12][8, 14] 
[4, 3, 1, 2, 5, 7, 9][6, 9, 13, 12][6, 9, 12, 10][10, 11][6, 14][8, 14][0, 1][1, 2][6, 14][6, 14][3, 5][1, 4][8, 14][8, 14][7, 14] 
[8, 14, 5, 7, 9, 13][8, 14, 5, 7, 9][6, 9, 12, 10][3, 11, 10][1, 2, 5][10, 12][3, 5][3, 4][0, 1][8, 14][3, 4][8, 14][6, 9][8, 14][9, 10] 
[8, 14, 5, 3, 11, 10, 12, 9][0, 1, 2, 5, 7, 9][6, 9, 13, 12, 10][1, 4, 3][5, 14][1, 4][8, 14][10, 11][6, 14][10, 11][1, 4][5, 14][6, 14][5, 14][2, 5] 
[5, 2, 1, 3, 11, 10, 12, 13][1, 4, 3, 5, 7, 9, 6, 14][3, 4, 1, 2, 5, 7, 14, 8][1, 2, 5, 7, 9, 10][8, 14, 6, 9, 13, 12][5, 14][8, 14][10, 12][0, 1][6, 9][10, 11][9, 12][1, 4][9, 13][9, 13] 
[1, 2, 5, 7, 9][8, 14][6, 14][7, 14][0, 1][1, 4][3, 5][9, 10][10, 12][10, 11][9, 13][6, 14][7, 14][8, 14][8, 14] 
[4, 3, 1, 2, 5, 7, 9][5, 14][8, 14][6, 9][0, 1][10, 11][8, 14][5, 14][10, 12][12, 13][5, 14][5, 14][9, 10][5, 14][8, 14] 
[4, 3, 1, 2, 5, 7, 9][12, 13][9, 13][9, 10][0, 1][10, 11][5, 14][8, 14][6, 9][10, 12][1, 3][10, 11][8, 14][5, 14][8, 14] 
[1, 3, 4][3, 11, 10][8, 14][7, 14][5, 7][9, 13][6, 9][0, 1][10, 12][8, 14][1, 2][8, 14][7, 14][3, 5][6, 14] 
[4, 3, 1, 2, 5, 7, 9][6, 9, 12, 10][1, 2][7, 14][8, 14][0, 1][10, 11][9, 13][3, 5][3, 5][8, 14][8, 14][3, 5][8, 14][3, 5] 
[8, 14, 5, 3, 11, 10, 12, 9][0, 1, 2, 5, 7, 9, 13, 12][1, 3, 11, 10, 12, 13, 9, 6][4, 3, 1, 2, 5, 14, 6, 9][10, 9, 13][8, 14][1, 3][6, 14][1, 4][10, 12][5, 14][1, 2][5, 14][1, 4][3, 4] 
[4, 3, 1, 2, 5, 7, 9][6, 9, 12, 10][6, 9, 13, 12][7, 5, 14][8, 14][5, 14][6, 9][12, 13][0, 1][10, 11][6, 14][5, 14][0, 1][5, 14][6, 14] 
