36035.82219938335 15.0 0.6166495375115958 
46112.17688616874 16.0 0.4245343609505459 
62161.28329004233 15.0 0.2922286448298009 
87281.2745959625 16.0 0.07643884892087964 
114179.52317764847 15.0 0.09378211809634794 
202405.89107992695 15.0 0.0 
55885.06808219069 16.0 0.26464542651572726 
70453.16683183788 17.0 0.1599229287090559 
112419.72395501881 16.0 0.07642903018625562 
36035.82219938335 15.0 0.6166495375115958 
87281.27454136424 16.0 0.0764388490480306 
114310.83726419041 15.0 0.09378211716353196 
55559.095643474684 16.0 0.32048811817597944 
76380.01886718169 16.0 0.15863840719332048 
86516.34728641453 16.0 0.08414597801527564 
114310.83726419041 15.0 0.09378211716353196 
