38138.49704980222 15.0 0.6043673731535003 
47252.91536251518 16.0 0.45606372045220966 
58858.01688602779 17.0 0.3301644398766701 
72411.27350333275 15.0 0.2408629661093586 
117605.62384061617 17.0 0.02633607773926272 
96872.14036565907 15.0 0.118191161356629 
176027.55603915456 16.0 0.0 
185910.64659251392 15.0 0.0 
59269.59240715537 16.0 0.28905447070883244 
70280.37632991267 16.0 0.1573538856775851 
97205.43716784441 16.0 0.07900145614357601 
58858.01688602779 17.0 0.3301644398766701 
117612.4504329691 17.0 0.02633607399842508 
67761.7645273787 15.0 0.34490920888392507 
93304.24766330255 17.0 0.147077713551702 
55863.16540336753 15.0 0.3879564371183185 
