36205.88631984586 15.0 0.6101477199743096 
65631.40889893647 16.0 0.2273954577048518 
72632.64409828886 15.0 0.19013360739979443 
101084.23571653668 16.0 0.06037251123956326 
116939.5089267936 15.0 0.08992805755395682 
213561.13662330125 16.0 1.5678094677690284E-5 
234978.22115797884 15.0 0.0 
55007.26475731588 16.0 0.2896676042766234 
75984.1525623432 16.0 0.10468850353243417 
153450.1664852837 16.0 0.009641667343123767 
72632.64409828886 15.0 0.19013360739979443 
158451.1765525379 16.0 0.009635149860930394 
91223.07666706716 16.0 0.09505459216441875 
101083.4813925305 16.0 0.060380266218527885 
213747.78715579186 15.0 0.026974953844328155 
65669.1134075414 16.0 0.22738951772096402 
