34643.80450911346 15.0 0.5915221579961464 
60503.57753029281 15.0 0.25822198957285325 
67942.0982905623 16.0 0.22610483042137716 
96276.04465832026 15.0 0.18499486123288952 
124553.833287486 16.0 6.422607578676942E-4 
138098.66161974307 15.0 0.0 
54848.61715491462 16.0 0.2550102774922919 
79257.35733567782 15.0 0.23702953381805236 
73416.47667483914 16.0 0.0905587668593449 
35881.70443153674 15.0 0.5845323741004377 
60503.57753029281 15.0 0.25822198957285325 
67942.0982905623 16.0 0.22610483042137716 
96140.7573126299 15.0 0.1849948612538514 
124428.26095435442 16.0 6.423432576439137E-4 
54848.61715491462 16.0 0.2550102774922919 
83941.2042029619 16.0 0.07707129094412331 
