37881.783413097975 15.0 0.6287732819524727 
64489.988309936096 15.0 0.2678227360308285 
82691.08124196532 16.0 0.19398766700924974 
98228.0481317223 15.0 0.14902363767029997 
152594.69472047684 16.0 0.007708119091726964 
163103.41896295006 15.0 0.0 
59558.0216071129 16.0 0.223535457348407 
75969.81319573622 17.0 0.19398741630913324 
94395.17984120903 16.0 0.06422607578676943 
59558.0216071129 16.0 0.223535457348407 
153000.77194534583 16.0 0.007707129094412331 
38539.78944262181 15.0 0.6223506743737958 
