40457.71570323103 15.0 0.5594096151014191 
49487.83716982458 16.0 0.4284429599173403 
53515.32724076216 17.0 0.334619092345712 
71398.09950819246 15.0 0.22160842754367935 
85310.56441382572 16.0 0.06872190109184328 
111016.74387957151 15.0 0.15416238437821173 
145155.39613456075 16.0 0.0 
197150.1292100697 15.0 0.0 
63129.749243025544 16.0 0.22096608062950632 
80169.51550555199 16.0 0.11047767782929889 
82681.77840197567 15.0 0.16377649325626203 
111888.31420002504 16.0 0.05330764290301863 
49487.8372081919 16.0 0.4284163090662337 
40457.7156921094 15.0 0.5594809774714324 
61818.62985466869 15.0 0.2691357236258887 
70544.70873211925 16.0 0.20105344295991776 
