[3, 5, 7][6, 14][8, 14][10, 12][3, 4][0, 1][6, 9][8, 14][7, 14][10, 11][9, 13][2, 5][6, 14][1, 3][12, 13] 
[1, 2, 5][10, 12, 13][5, 7][0, 1][6, 9][7, 14][8, 14][3, 4][3, 4][8, 14][6, 14][10, 11][1, 3][7, 14][9, 10] 
[0, 1, 2, 5, 7][7, 14, 8][7, 14][6, 9][9, 13][3, 4][3, 11][10, 12][1, 4][10, 12][7, 9][7, 14][8, 14][12, 13][3, 11] 
[3, 4, 1, 2, 5, 14][6, 9, 12][3, 11, 10][0, 1][12, 13][5, 7][10, 12][8, 14][7, 14][7, 14][7, 9][3, 11][3, 11][8, 14][7, 14] 
[5, 2, 1, 3, 11, 10, 12, 9][8, 14, 5, 7, 9, 13][2, 5, 3, 1, 4][12, 13][0, 1][6, 9][7, 14][8, 14][3, 4][3, 4][8, 14][6, 14][10, 11][7, 14][9, 10] 
[0, 1, 2, 5, 14, 6][3, 4, 1, 2, 5, 14][6, 9, 12][3, 11, 10][12, 13][5, 7][10, 12][8, 14][7, 14][7, 14][7, 9][3, 11][3, 11][8, 14][7, 14] 
[3, 4, 1, 2, 5, 14, 8][1, 3, 11, 10, 12, 13, 9][0, 1, 2, 5, 7, 9, 12][3, 5, 7, 9][8, 14][0, 1][7, 14][6, 9][7, 14][6, 14][9, 10][8, 14][1, 3][6, 14][0, 1] 
[1, 4, 3, 11, 10, 12, 13, 9][8, 14, 5, 7, 9, 10, 12][0, 1, 2, 5, 7, 9, 12][1, 2, 5, 14, 6][6, 14, 8][6, 14, 8][7, 14][3, 4][8, 14][7, 14][7, 14][6, 9][12, 13][9, 13][8, 14] 
[5, 7, 9, 13][8, 14][6, 14][12, 13][1, 3][0, 1][9, 10][10, 11][7, 14][8, 14][3, 4][6, 9][6, 14][2, 5][3, 5] 
[1, 3, 5, 7, 9, 13][9, 10][6, 9][2, 5][0, 1][6, 14][10, 11][3, 4][8, 14][12, 13][8, 14][8, 14][8, 14][8, 14][7, 14] 
[5, 2, 1, 3, 11, 10, 12][8, 14, 5, 7, 9, 13][2, 5, 3, 1, 4][12, 13][0, 1][6, 9][7, 14][8, 14][3, 4][3, 4][8, 14][6, 14][10, 11][7, 14][9, 10] 
[0, 1, 2, 5, 7][7, 14, 8][7, 14][6, 9][9, 13][3, 4][3, 11][10, 12][1, 4][10, 12][7, 9][7, 14][8, 14][12, 13][3, 11] 
[5, 2, 1, 3, 11, 10, 12, 9][8, 14, 5, 7, 9, 13][2, 5, 3, 1, 4][12, 13][0, 1][6, 9][7, 14][8, 14][3, 4][3, 4][8, 14][6, 14][10, 11][7, 14][9, 10] 
[0, 1, 2, 5, 14, 6][9, 12][12, 13][5, 7][10, 12][10, 11][8, 14][7, 14][3, 4][7, 14][7, 9][3, 11][3, 11][8, 14][7, 14] 
[8, 14, 5, 7, 9, 10, 12][1, 4, 3, 11, 10][0, 1, 2][6, 14][7, 14][6, 14][3, 4][8, 14][7, 14][7, 14][6, 14][6, 9][12, 13][9, 13][8, 14] 
[2, 1, 4, 3][6, 9, 12][0, 1][12, 13][5, 7][10, 12][10, 11][8, 14][7, 14][7, 14][7, 9][3, 11][3, 11][8, 14][7, 14] 
