[8, 14][3, 5][2, 5][1, 4][10, 12][3, 11][0, 1][9, 13][5, 7][5, 14][6, 14][12, 13][3, 11][1, 2][6, 9] 
[6, 14, 5, 7][3, 5, 7][1, 2, 5][7, 9][7, 14][8, 14][9, 12][12, 13][3, 4][10, 12][6, 9][3, 11][8, 14][1, 4][0, 1] 
[0, 1, 2, 5, 3][9, 10, 11][9, 13, 12][1, 4][5, 7][7, 9][6, 9][6, 14][8, 14][10, 11][12, 13][6, 14][9, 12][8, 14][3, 11] 
[1, 3, 11, 10, 9, 13, 12][1, 3, 5, 7, 9][8, 14][6, 14][7, 14][1, 4][0, 1][1, 2][8, 14][9, 12][7, 14][8, 14][10, 12][6, 9][8, 14] 
[3, 1, 2, 5, 14, 8][0, 1, 2, 5, 3][9, 10, 11][9, 13, 12][9, 6, 14][1, 4][5, 7][7, 9][6, 9][6, 14][10, 11][12, 13][9, 12][8, 14][3, 11] 
[3, 11, 10, 12, 13, 9, 6, 14][3, 4, 1, 2, 5, 14, 8][0, 1, 2, 5, 3][9, 10, 11][9, 13, 12][1, 4][5, 7][7, 9][6, 9][6, 14][10, 11][12, 13][9, 12][8, 14][3, 11] 
[3, 11, 10, 12, 13, 9, 6, 14][4, 3, 5, 7, 9, 6, 14][0, 1, 3, 5, 7, 9, 12][5, 3, 11, 10][2, 5, 14, 8][9, 10][10, 12][12, 13][1, 4][2, 5][0, 1][1, 4][1, 2][7, 14][1, 2] 
[3, 5, 7, 9][1, 2, 5][9, 13][0, 1][1, 4][6, 9][7, 14][8, 14][10, 12][8, 14][8, 14][12, 13][8, 14][8, 14][3, 11] 
[1, 3, 5, 7, 9][9, 12][6, 9][12, 13][6, 14][1, 4][8, 14][1, 2][0, 1][3, 11][9, 10][8, 14][9, 13][10, 12][8, 14] 
[4, 1, 3, 5, 7, 9, 13, 12][2, 1, 4, 3, 5, 7, 14, 8][1, 3, 11, 10, 9, 13, 12][8, 14][6, 14][7, 14][1, 4][0, 1][1, 2][8, 14][9, 12][7, 14][8, 14][10, 12][6, 9] 
[0, 1, 2, 5, 3][9, 10, 11][9, 13, 12][1, 4][5, 7][7, 9][6, 9][6, 14][8, 14][10, 11][12, 13][6, 14][9, 12][8, 14][3, 11] 
[4, 1, 3, 5, 7, 9, 13, 12][2, 1, 4, 3, 5, 7, 14, 8][1, 3, 11, 10, 9, 13, 12][2, 5, 7, 14][8, 14][6, 14][7, 14][1, 4][0, 1][1, 2][8, 14][9, 12][8, 14][10, 12][6, 9] 
[1, 3, 5, 7, 9][3, 11][10, 11][9, 12][1, 4][12, 13][0, 1][6, 9][6, 14][8, 14][1, 2][8, 14][9, 13][9, 10][9, 12] 
[1, 3, 11, 10, 9, 13, 12][1, 3, 5, 7, 9][8, 14][6, 14][7, 14][1, 4][0, 1][1, 2][8, 14][9, 12][7, 14][8, 14][10, 12][6, 9][8, 14] 
[3, 11, 10, 12, 13, 9, 6, 14][3, 1, 2, 5, 14, 8][0, 1, 2, 5, 3][9, 10, 11][9, 13, 12][1, 4][5, 7][7, 9][6, 9][6, 14][10, 11][12, 13][9, 12][8, 14][3, 11] 
[6, 14, 5, 7][3, 5, 7][1, 2, 5][7, 9][7, 14][8, 14][9, 12][12, 13][3, 4][10, 12][6, 9][3, 11][8, 14][1, 4][0, 1] 
