[4, 3, 11][1, 2][0, 1][1, 3][3, 5][5, 7][7, 14][6, 14][8, 14][6, 9][10, 11][9, 13][12, 13][7, 14][8, 14] 
[2, 5, 3, 1, 4][0, 1][1, 3][5, 7][7, 9][7, 14][12, 13][6, 14][9, 10][8, 14][10, 11][6, 9][9, 13][8, 14][7, 14] 
[0, 1, 2, 5, 14, 6][8, 14][5, 7][6, 9][9, 13][9, 10][10, 12][10, 11][3, 5][1, 4][12, 13][6, 9][12, 13][5, 14][1, 3] 
[1, 2, 5, 14, 6][4, 1, 3, 5][7, 14, 8][4, 3, 5][9, 13][9, 10][10, 12][7, 9][6, 9][10, 11][0, 1][1, 2][9, 10][10, 12][5, 7] 
[2, 5, 7, 9, 10, 11, 3, 4][0, 1, 2, 5, 14, 6][7, 14, 8][7, 14, 8][9, 13][12, 13][1, 3][1, 3][10, 11][12, 13][12, 13][6, 9][1, 2][1, 3][10, 12] 
[0, 1, 2, 5, 14, 6, 9, 12][2, 5, 7, 9, 10, 11, 3, 4][3, 5, 14, 6, 9][2, 1, 4, 3][7, 14, 8][1, 3][10, 12][12, 13][1, 2][12, 13][9, 13][12, 13][1, 3][9, 13][12, 13] 
[5, 7, 14, 6][0, 1, 2, 5][10, 11][9, 10][7, 9][3, 5][3, 4][8, 14][9, 13][12, 13][7, 14][6, 9][8, 14][5, 14][1, 3] 
[0, 1, 2, 5, 14, 6][5, 7][1, 4][3, 4][6, 9][9, 13][12, 13][9, 10][10, 11][8, 14][3, 5][1, 2][10, 12][9, 13][3, 5] 
[3, 5, 14, 6, 9][0, 1, 2, 5][1, 3][1, 2][5, 7][9, 13][1, 4][12, 13][9, 10][8, 14][10, 11][9, 10][3, 4][10, 12][12, 13] 
[5, 7, 14, 6][0, 1, 2, 5][10, 11][9, 10][7, 9][3, 5][3, 4][8, 14][9, 13][12, 13][7, 14][6, 9][8, 14][5, 14][1, 3] 
[2, 5, 7, 9, 10, 11, 3, 4][0, 1, 2, 5, 14, 6][7, 14, 8][7, 14, 8][9, 13][12, 13][1, 3][1, 3][10, 11][12, 13][12, 13][6, 9][1, 2][1, 3][10, 12] 
[0, 1, 2][5, 7][6, 14][1, 4][3, 11][8, 14][6, 9][9, 13][12, 13][10, 12][6, 14][3, 5][7, 14][1, 3][8, 14] 
