[2, 5][5, 7][10, 12][1, 2][3, 11][6, 9][6, 14][0, 1][8, 14][3, 4][5, 14][9, 13][12, 13][8, 14][1, 3] 
[5, 7, 9][10, 11][10, 12][2, 5][1, 3][9, 13][0, 1][6, 9][6, 14][8, 14][3, 4][6, 14][6, 14][12, 13][1, 2] 
[2, 1, 3, 5][8, 14][6, 14][3, 4][9, 10][10, 12][0, 1][5, 7][3, 11][9, 13][5, 14][6, 9][5, 14][3, 11][7, 9] 
[1, 2, 5, 7, 9, 10, 12][4, 3, 11][5, 14, 8][1, 3][12, 13][5, 14][10, 11][6, 9][0, 1][3, 4][7, 14][6, 14][7, 14][3, 4][7, 14] 
[2, 1, 3, 5, 14][1, 2, 5, 7][4, 3, 11, 10][6, 9, 10][10, 12, 13][8, 14][6, 14][1, 3][3, 4][0, 1][3, 11][7, 9][7, 9][9, 10][3, 4] 
[1, 2, 5, 7, 9, 10, 12, 13][0, 1, 3, 5, 14, 8][2, 5, 7, 9, 10][4, 3, 11, 10][6, 9, 10][5, 14][10, 11][6, 14][8, 14][8, 14][8, 14][6, 14][7, 9][7, 9][9, 13] 
[5, 7, 9, 10][2, 1, 3][8, 14][6, 14][6, 9][3, 5][0, 1][9, 13][3, 4][10, 11][8, 14][8, 14][8, 14][12, 13][6, 14] 
[0, 1, 3, 5][5, 7, 9][3, 4][6, 9][6, 14][9, 10][10, 12][9, 13][2, 5][8, 14][10, 11][6, 14][6, 14][6, 14][2, 5] 
[1, 2, 5, 7, 9, 10, 12][4, 3, 11, 10][7, 9][6, 9][6, 14][0, 1][8, 14][8, 14][8, 14][8, 14][2, 5][9, 13][6, 14][8, 14][5, 14] 
[2, 5][5, 7][10, 12][1, 2][3, 11][6, 9][6, 14][0, 1][8, 14][3, 4][5, 14][9, 13][12, 13][8, 14][1, 3] 
[1, 2, 5, 7, 9, 10, 12][4, 3, 11][5, 14, 8][1, 3][12, 13][5, 14][10, 11][6, 9][0, 1][3, 4][7, 14][6, 14][7, 14][3, 4][7, 14] 
[2, 1, 3, 5, 14][1, 2, 5, 7][4, 3, 11, 10][6, 9, 10][10, 12, 13][8, 14][6, 14][1, 3][3, 4][0, 1][3, 11][7, 9][7, 9][9, 10][3, 4] 
[5, 7, 9][3, 11][1, 3][3, 5][9, 10][10, 12][5, 14][6, 9][8, 14][3, 4][0, 1][9, 13][5, 14][2, 5][5, 14] 
[1, 2, 5, 7, 9, 10][4, 3, 11][5, 14, 8][7, 14][1, 3][0, 1][6, 9][9, 13][12, 13][8, 14][7, 14][8, 14][3, 4][6, 14][3, 4] 
[1, 2, 5, 7, 9, 10, 12][5, 14, 8][1, 3][12, 13][5, 14][10, 11][3, 4][6, 9][0, 1][3, 4][7, 14][6, 14][7, 14][3, 4][7, 14] 
[2, 1, 3, 5, 14][1, 2, 5, 7][4, 3, 11, 10][6, 9, 10][10, 12, 13][8, 14][6, 14][1, 3][3, 4][0, 1][3, 11][7, 9][7, 9][9, 10][3, 4] 
