0 1 309.0723 2
0 2 56.116402 2
0 3 69.505997 2
1 253 234.49626 2
1 254 357.17001 2
2 4 169.983 2
3 263 105.35198 2
4 5 255.91 2
6 7 286.93698 2
6 8 71.412399 2
7 257 80.038849 2
8 20 335.47198 2
9 10 93.426949 2
10 17 107.31511 2
10 21 328.08905 2
11 12 302.73999 1
11 15 87.978302 1
12 79 231.403 1
13 14 167.326 1
13 77 347.14099 1
14 16 40.856499 2
14 18 110.038 2
15 18 86.7985 1
16 17 108.961 2
17 30 291.27301 2
17 248 205.034 2
18 19 50.625999 2
19 20 17.6283 2
21 250 88.5541 2
22 23 491.66638 2
22 32 210.254 2
22 41 181.233 2
22 43 263.647 2
23 25 102.15205 2
23 29 276.94617 2
24 25 199.90401 2
24 41 593.91803 2
24 247 286.203 2
24 249 324.02774 2
25 27 276.69971 2
25 30 327.35599 2
26 27 163.87529 2
26 28 172.50301 2
26 250 454.26501 2
26 254 531.02264 2
27 29 129.85783 2
27 31 293.17599 2
28 29 174.726 2
28 33 438.23401 2
28 251 113.77 2
30 31 299.384 2
30 249 203.022 2
31 250 218.464 2
32 33 239.924 2
33 34 251.58701 2
34 35 249.724 2
35 36 198.94501 2
36 37 361.379 2
37 38 69.060799 2
38 45 495.827 2
38 137 406.76901 2
39 40 304.62543 2
39 41 278.37799 2
39 42 102.83 2
39 133 373.159 2
40 75 261.66342 2
40 247 293.46112 2
41 44 269.19901 2
42 137 738.73102 2
43 44 169.34399 2
43 45 98.380203 2
44 46 97.755302 2
45 46 164.60001 2
47 48 625.96503 2
47 179 124.013 2
47 239 294.763 2
47 280 435.05099 2
48 49 74.0914 2
48 50 151.095 2
49 51 153.998 2
50 56 171.18869 2
50 57 284.19101 2
51 55 133.60699 2
52 53 174.07401 2
52 54 289.46899 2
52 240 59.376122 2
53 57 309.70001 2
53 58 67.641296 2
53 59 274.4874 2
54 67 198.84599 2
54 68 59.197899 2
54 70 235.743 2
55 65 429.435 2
55 127 240.90601 2
55 179 471.80499 2
56 59 58.544376 2
56 61 393.79599 2
56 62 323.7738 2
56 64 70.416763 2
56 65 507.784 2
57 118 265.31671 2
57 239 785.60602 2
58 66 40.863098 2
60 61 70.562187 2
60 62 236.60104 2
60 63 255.85025 2
62 65 350.19894 2
62 75 380.78134 2
63 72 188.04713 2
63 75 310.00323 2
63 247 255.85327 2
64 67 326.24164 2
65 130 85.366302 2
65 133 439.45499 2
66 67 61.082298 2
68 90 163.722 2
68 240 290.13644 2
69 70 222.733 1
69 73 117.279 2
69 102 107.365 1
69 106 116.632 2
70 71 117.219 2
71 72 192.26019 2
71 73 224.313 1
71 74 100.88 2
72 246 293.72198 2
73 76 106.923 1
73 78 241.79401 2
74 244 65.035599 2
76 77 182.588 1
76 79 102.528 1
76 102 115.521 1
78 245 194.933 2
78 248 290.17001 2
79 103 114.316 1
80 81 158.86169 1
81 107 257.96082 1
82 83 363.362 1
82 105 64.822914 1
82 107 85.472954 1
83 95 38.0103 1
84 85 81.290703 2
84 92 127.088 1
84 240 160.605 1
84 369 30.48844 2
85 86 58.310013 1
85 87 43.0266 2
85 88 46.4552 1
86 100 41.965778 1
86 105 114.35748 1
87 88 37.9599 1
87 90 180.162 2
88 89 98.881401 1
89 96 39.981899 1
90 99 105.726 2
90 106 115.739 2
91 92 77.105858 1
91 93 51.527657 1
93 94 445.06738 2
94 369 114.63 2
94 371 123.8002 2
95 96 26.181801 1
96 97 192.664 1
97 101 53.5555 1
97 102 116.456 1
97 106 106.499 1
98 99 41.231098 2
98 104 113.966 1
100 241 49.072773 1
101 104 35.543201 1
102 103 107.393 1
103 104 134.129 1
107 120 29.269712 2
108 109 59.761501 2
108 110 919.60687 2
108 195 31.741377 2
108 197 42.058605 1
109 111 27.073431 1
109 112 159.7861 2
110 124 258.19501 2
111 197 60.91996 1
111 238 17.380449 1
112 113 89.68541 2
113 114 229.44089 1
113 115 98.536018 2
114 121 39.421543 1
115 117 47.522095 2
116 117 144.10849 2
116 118 186.88306 2
118 119 75.293251 2
118 120 189.65959 2
119 124 20.677818 2
120 370 129.99231 1
121 122 39.946388 1
122 123 80.373871 1
123 235 28.66 1
124 371 184.62399 2
125 126 51.997898 2
125 131 109.095 2
125 182 485.16101 2
125 188 400.888 2
126 128 563.974 2
126 131 108.805 2
126 132 496.98001 2
127 128 37.6446 2
127 130 465.07101 2
128 129 135.439 2
129 182 162.27 2
130 132 751.56799 2
131 149 346.75699 2
132 134 378.89899 2
132 135 435.59698 2
133 135 837.14001 2
134 136 211.161 2
134 140 553.12701 2
134 150 275.431 2
135 137 377.194 2
135 138 267.685 2
136 138 237.53101 2
138 255 429.39001 2
139 140 271.89999 2
139 141 307.02701 2
140 144 88.161797 2
141 151 114.711 2
141 275 85.102898 2
141 276 175.19 2
142 143 239.155 2
142 144 310.13 2
143 145 26.5784 2
144 148 170.911 2
145 146 81.297096 1
146 147 24.541401 1
147 153 48.077702 1
147 154 42.5518 1
148 256 225.2657 2
149 150 248.60899 2
149 265 263.177 2
149 273 125.067 2
151 152 175.101 2
152 267 187.222 2
153 154 37.655201 1
153 267 78.284302 2
154 380 67.389503 1
155 156 293.715 2
155 212 168.771 2
155 224 422.379 2
156 159 162.63 2
156 376 172.263 2
157 158 31.166 1
157 227 52.7854 1
158 171 184.242 1
159 160 18.3641 1
159 212 336.004 2
159 230 86.501701 2
160 165 79.859497 1
161 162 99.124298 1
161 163 81.432503 1
162 172 43.090401 1
163 164 54.766899 1
164 171 124.632 1
164 174 69.993599 1
165 174 41.431499 1
166 167 96.227203 2
166 168 143.49699 2
166 266 122.959 2
167 378 92.050903 2
168 177 161.25101 2
169 170 82.921204 2
169 381 15000.0 2
170 171 79.014 2
172 173 87.748596 1
173 228 259.5 2
173 294 238.621 2
175 176 246.532 2
175 177 114.788 2
176 178 193.54401 2
178 277 203.14101 2
178 278 149.319 2
179 182 390.13599 2
179 189 431.319 2
180 181 87.672203 2
180 353 362.84201 2
181 184 67.2976 2
181 185 259.46701 2
181 186 210.40199 2
182 183 412.707 2
183 186 244.315 2
183 188 397.78101 2
183 189 464.10199 2
184 187 266.72501 2
185 354 104.52 2
187 188 477.79999 2
187 264 464.46701 2
188 265 440.33301 2
189 280 139.786 2
189 298 383.01401 2
190 191 161.63699 2
190 202 436.871 2
190 204 82.692596 2
191 192 105.394 2
191 193 182.8 2
192 204 78.645302 2
192 283 354.026 2
193 194 291.42401 2
194 195 159.21419 2
195 196 21.293219 1
196 197 22.717361 1
197 287 71.917152 2
198 199 355.98053 2
198 235 29.2215 1
198 288 43.260601 2
199 382 9000.0 2
200 201 116.472 2
200 306 120.573 2
200 307 217.299 2
201 203 107.154 2
202 203 220.082 2
204 205 265.74899 2
204 206 329.40701 2
205 211 169.659 2
206 207 388.60101 2
206 284 52.1479 2
206 285 136.735 1
207 208 424.52802 2
208 209 267.29199 2
208 307 304.827 2
208 309 485.76599 2
208 313 278.15799 2
209 210 144.862 2
210 211 119.001 2
213 214 129.533 2
213 215 95.194199 2
213 351 56.289001 2
213 366 59.641602 2
214 216 97.614403 1
214 217 68.832199 2
215 216 78.730598 1
215 379 65.012199 2
217 225 74.275803 2
218 219 36.245998 2
218 220 97.4925 1
218 381 10900.0 2
219 224 127.613 2
220 223 74.273598 1
221 222 104.941 2
221 225 82.399101 2
221 352 76.292503 2
222 226 606.96503 2
223 379 206.467 2
226 291 196.41701 2
227 228 29.122601 2
227 229 29.169201 2
229 231 26.742901 2
230 231 83.891197 2
232 233 12.962175 1
232 234 38.39896 1
233 236 22.535534 1
234 239 157.46611 2
234 288 36.554859 2
236 237 14.296999 1
237 238 39.758087 1
239 282 444.59399 2
239 286 197.38582 1
240 241 42.758228 1
241 242 43.188961 1
242 243 57.76757 1
243 370 65.33374 1
244 245 79.8172 2
245 246 91.124199 2
246 247 325.61899 2
246 249 288.901 2
248 249 290.47339 2
251 252 447.694 2
252 253 367.815 2
252 254 312.97778 2
255 256 199.48381 2
257 258 62.133972 2
258 259 67.841789 2
259 260 280.98444 2
260 261 36.531612 2
261 262 232.71684 2
262 263 134.21246 2
264 265 531.33398 2
264 291 78.419998 2
264 292 56.0424 2
266 375 101.974 2
268 269 125.594 2
268 374 124.619 2
269 270 105.645 2
270 380 15.168 2
271 272 242.528 2
271 292 73.785202 2
271 293 64.788399 2
272 277 126.269 2
273 274 139.64799 2
274 275 278.28601 2
276 279 56.178299 2
278 279 66.442101 2
280 281 382.97501 2
280 282 281.29199 2
281 285 142.32401 2
281 298 149.453 2
282 283 323.686 2
283 284 14.1776 2
284 285 145.248 1
286 287 14.607692 2
286 290 19.396505 1
288 289 21.965521 1
289 290 17.54073 1
293 294 155.99899 2
295 296 181.605 2
295 339 80.445602 2
296 297 687.22803 2
296 298 217.748 2
297 308 409.34399 2
297 324 91.741203 2
297 338 382.784 2
298 353 71.886299 2
299 303 198.29965 1
299 304 500.37408 2
299 382 9000.0 2
300 301 232.646 2
300 302 341.12616 2
301 305 122.497 2
302 311 74.691849 2
303 317 313.612 1
304 327 80.5774 2
304 328 188.246 1
305 306 296.741 2
308 309 414.276 2
309 310 479.36499 2
310 322 25.692301 2
311 312 57.643986 2
312 314 65.902985 2
313 324 74.7024 2
314 315 115.032 2
315 316 79.9142 2
316 319 109.233 2
316 321 192.813 1
317 346 91.8451 1
318 319 153.246 2
318 325 67.552116 1
318 326 90.313904 2
320 321 375.397 1
320 329 109.066 1
322 323 183.929 2
325 345 99.171318 1
326 327 78.631599 2
328 329 170.7 2
328 345 106.87012 1
328 346 116.098 1
329 330 148.67799 1
329 331 182.465 2
329 334 141.116 1
330 344 67.714401 1
331 343 190.88499 2
332 333 85.474785 1
332 334 75.491203 1
332 336 164.68188 1
333 342 59.550915 1
335 336 149.3522 1
335 344 107.46454 1
335 347 56.994389 1
336 341 277.50711 2
337 338 390.147 2
337 350 76.973297 2
337 367 48.069901 1
339 340 285.70901 2
340 341 211.286 2
342 343 179.16386 1
343 364 86.561897 1
343 366 167.14 2
343 367 34.660301 1
347 365 57.915882 1
348 349 72.936798 2
348 350 41.922401 2
348 351 55.505798 2
349 363 49.4972 2
352 357 204.453 2
353 358 626.33197 2
354 355 180.15401 2
355 356 162.828 2
356 357 158.38 2
358 359 122.14 2
359 360 71.613098 2
360 361 215.66499 2
361 362 58.587502 2
362 363 387.20099 2
364 365 61.119328 1
366 368 102.711 1
368 379 86.500801 1
372 373 66.844902 2
372 374 274.30801 2
373 375 87.548401 2
376 377 131.995 2
377 378 92.249496 2
