0 0 96
1 0 8
2 0 8
3 0 138
4 0 8
5 0 30
6 342 0
7 180 0
8 10 0
9 0 0
10 0 286
11 0 22
12 0 235
13 934 758
14 11 23
15 0 21
16 0 23
17 0 250
18 11 21
19 11 0
20 11 0
21 0 0
22 124 151
23 247 0
24 252 252
25 19 206
26 49 38
27 18 66
28 0 11
29 18 30
30 182 0
31 25 175
32 0 11
33 0 14
34 0 0
35 0 0
36 0 0
37 0 4
38 0 95
39 98 103
40 0 226
41 9 0
42 0 14
43 9 0
44 9 0
45 2 0
46 9 0
47 0 210
48 0 0
49 27 0
50 0 453
51 27 0
52 3515 384
53 0 12
54 0 5
55 0 234
56 26 14
57 0 3941
58 0 5
59 1189 0
60 394 5
61 0 5
62 33 5
63 172 25
64 0 0
65 416 0
66 0 5
67 0 9
68 0 343
69 0 3549
70 0 10
71 31 10
72 548 0
73 3245 0
74 0 825
75 0 25
76 1076 0
77 315 256
78 0 41
79 0 0
80 0 33
81 0 33
82 0 2526
83 0 4548
84 2494 35
85 0 62
86 0 62
87 0 61
88 0 31
89 0 32
90 0 25
91 0 32
92 881 32
93 0 0
94 190 36
95 0 32
96 0 32
97 0 0
98 0 28
99 0 25
100 0 188
101 0 27
102 0 27
103 0 28
104 0 25
105 0 34
106 0 27
107 0 106
108 119 0
109 0 245
110 245 0
111 0 160
112 0 0
113 0 0
114 0 0
115 0 0
116 0 0
117 0 0
118 0 0
119 0 37
120 0 108
121 0 0
122 0 0
123 0 15
124 187 37
125 0 389
126 172 77
127 486 486
128 185 0
129 49 0
130 138 60
131 57 152
132 0 445
133 33 14
134 0 2
135 128 177
136 0 0
137 68 31
138 83 25
139 0 15
140 0 23
141 0 70
142 56 0
143 8 0
144 29 0
145 0 0
146 8 0
147 0 0
148 0 2
149 143 8
150 0 57
151 0 3
152 0 5
153 0 181
154 194 1
155 2 0
156 0 0
157 0 0
158 0 0
159 0 0
160 0 0
161 182 0
162 0 0
163 0 0
164 0 0
165 0 0
166 0 1
167 0 0
168 0 149
169 0 0
170 0 0
171 0 0
172 0 0
173 138 0
174 0 0
175 0 11
176 0 11
177 0 11
178 0 115
179 0 435
180 0 0
181 437 0
182 139 141
183 99 0
184 26 0
185 131 0
186 57 0
187 25 0
188 389 0
189 0 156
190 0 28
191 0 0
192 270 0
193 0 0
194 0 1
195 0 6
196 0 1
197 0 2
198 0 239
199 0 113
200 0 0
201 0 4
202 0 4
203 0 0
204 0 7
205 0 13
206 102 38
207 151 107
208 227 14
209 0 0
210 0 18
211 0 6
212 0 0
213 2 14
214 232 14
215 3 200
216 1 0
217 1 13
218 6 0
219 2 0
220 4 0
221 2 114
222 0 13
223 4 0
224 2 0
225 2 37
226 0 200
227 0 0
228 0 0
229 0 0
230 0 0
231 0 0
232 0 3
233 0 3
234 0 9
235 0 15
236 0 3
237 0 3
238 0 3
239 0 88
240 4855 387
241 0 388
242 0 379
243 0 35
244 0 81
245 480 81
246 909 928
247 152 48
248 296 0
249 0 277
250 25 57
251 0 3
252 0 31
253 0 10
254 0 11
255 0 0
256 0 2
257 0 0
258 0 6
259 0 0
260 0 6
261 0 0
262 0 6
263 0 0
264 205 28
265 73 0
266 0 1
267 0 2
268 0 1
269 0 1
270 0 1
271 6 122
272 0 29
273 0 185
274 0 6
275 0 8
276 0 3
277 0 3
278 0 3
279 0 6
280 0 0
281 21 0
282 0 9
283 244 9
284 81 9
285 21 0
286 0 2
287 0 2
288 0 10
289 0 2
290 0 2
291 0 28
292 6 40
293 6 0
294 6 0
295 0 2
296 0 106
297 110 0
298 1 73
299 0 216
300 3 0
301 3 7
302 3 0
303 0 18
304 0 0
305 3 7
306 3 0
307 0 0
308 0 0
309 0 0
310 0 7
311 3 0
312 3 8
313 122 0
314 4 0
315 13 9
316 13 9
317 0 0
318 0 0
319 0 17
320 11 0
321 13 0
322 0 0
323 0 7
324 13 107
325 0 0
326 0 0
327 0 0
328 0 0
329 11 0
330 0 0
331 12 0
332 0 0
333 0 0
334 0 0
335 0 0
336 0 155
337 80 3
338 11 0
339 0 0
340 0 0
341 0 0
342 0 0
343 1 5
344 0 0
345 0 0
346 0 0
347 0 2
348 2 0
349 1 0
350 1 0
351 4 0
352 2 0
353 0 0
354 2 0
355 2 0
356 2 0
357 2 0
358 1 0
359 1 0
360 1 0
361 2 0
362 1 0
363 1 0
364 0 1
365 0 2
366 1 1
367 0 3
368 1 0
369 0 35
370 0 35
371 189 36
372 0 1
373 0 1
374 0 1
375 0 1
376 0 0
377 0 0
378 0 0
379 4 10
380 0 1
381 0 0
382 0 0
