Fleet 1 on 0'th route
7 6 8 20 19 18 14 13 77 76 73 71 72 63 60 62 65 130 127 128 129 182 183 186 181 185 354 355 356 357 352 221 225 217 214 216 215 379 223 220 218 381
0.0
2
Fleet 2 on 0'th route
7 6 8 20 19 18 14 13 77 76 73 71 72 63 60 62 65 130 127 128 129 182 183 186 181 185 354 355 356 357 352 221 225 217 214 216 215 379 223 220 218 381
72.27856174857165
2
Fleet 3 on 0'th route
7 6 8 20 19 18 14 13 77 76 73 71 72 63 60 62 65 130 127 128 129 182 183 186 181 185 354 355 356 357 352 221 225 217 214 216 215 379 223 220 218 381
144.5571234971433
2
Fleet 4 on 0'th route
7 6 8 20 19 18 14 13 77 76 73 71 72 63 60 62 65 130 127 128 129 182 183 186 181 185 354 355 356 357 352 221 225 217 214 216 215 379 223 220 218 381
216.83568524571496
2
Fleet 5 on 0'th route
7 6 8 20 19 18 14 13 77 76 73 71 72 63 60 62 65 130 127 128 129 182 183 186 181 185 354 355 356 357 352 221 225 217 214 216 215 379 223 220 218 381
289.1142469942866
2
Fleet 6 on 0'th route
7 6 8 20 19 18 14 13 77 76 73 71 72 63 60 62 65 130 127 128 129 182 183 186 181 185 354 355 356 357 352 221 225 217 214 216 215 379 223 220 218 381
361.3928087428582
2
Fleet 7 on 0'th route
7 6 8 20 19 18 14 13 77 76 73 71 72 63 60 62 65 130 127 128 129 182 183 186 181 185 354 355 356 357 352 221 225 217 214 216 215 379 223 220 218 381
433.67137049142985
2
Fleet 8 on 0'th route
7 6 8 20 19 18 14 13 77 76 73 71 72 63 60 62 65 130 127 128 129 182 183 186 181 185 354 355 356 357 352 221 225 217 214 216 215 379 223 220 218 381
505.9499322400015
2
Fleet 9 on 0'th route
7 6 8 20 19 18 14 13 77 76 73 71 72 63 60 62 65 130 127 128 129 182 183 186 181 185 354 355 356 357 352 221 225 217 214 216 215 379 223 220 218 381
578.2284939885732
2
Fleet 10 on 0'th route
7 6 8 20 19 18 14 13 77 76 73 71 72 63 60 62 65 130 127 128 129 182 183 186 181 185 354 355 356 357 352 221 225 217 214 216 215 379 223 220 218 381
650.5070557371448
2
Fleet 11 on 0'th route
7 6 8 20 19 18 14 13 77 76 73 71 72 63 60 62 65 130 127 128 129 182 183 186 181 185 354 355 356 357 352 221 225 217 214 216 215 379 223 220 218 381
722.7856174857164
2
Fleet 12 on 0'th route
7 6 8 20 19 18 14 13 77 76 73 71 72 63 60 62 65 130 127 128 129 182 183 186 181 185 354 355 356 357 352 221 225 217 214 216 215 379 223 220 218 381
795.0641792342881
2
Fleet 13 on 0'th route
7 6 8 20 19 18 14 13 77 76 73 71 72 63 60 62 65 130 127 128 129 182 183 186 181 185 354 355 356 357 352 221 225 217 214 216 215 379 223 220 218 381
867.3427409828597
2
Fleet 14 on 0'th route
7 6 8 20 19 18 14 13 77 76 73 71 72 63 60 62 65 130 127 128 129 182 183 186 181 185 354 355 356 357 352 221 225 217 214 216 215 379 223 220 218 381
939.6213027314313
2
Fleet 15 on 0'th route
7 6 8 20 19 18 14 13 77 76 73 71 72 63 60 62 65 130 127 128 129 182 183 186 181 185 354 355 356 357 352 221 225 217 214 216 215 379 223 220 218 381
1011.899864480003
2
Fleet 16 on 0'th route
7 6 8 20 19 18 14 13 77 76 73 71 72 63 60 62 65 130 127 128 129 182 183 186 181 185 354 355 356 357 352 221 225 217 214 216 215 379 223 220 218 381
1084.1784262285746
2
Fleet 17 on 0'th route
7 6 8 20 19 18 14 13 77 76 73 71 72 63 60 62 65 130 127 128 129 182 183 186 181 185 354 355 356 357 352 221 225 217 214 216 215 379 223 220 218 381
1156.4569879771464
2
Fleet 18 on 0'th route
7 6 8 20 19 18 14 13 77 76 73 71 72 63 60 62 65 130 127 128 129 182 183 186 181 185 354 355 356 357 352 221 225 217 214 216 215 379 223 220 218 381
1228.735549725718
2
Fleet 19 on 0'th route
7 6 8 20 19 18 14 13 77 76 73 71 72 63 60 62 65 130 127 128 129 182 183 186 181 185 354 355 356 357 352 221 225 217 214 216 215 379 223 220 218 381
1301.0141114742898
2
Fleet 20 on 0'th route
7 6 8 20 19 18 14 13 77 76 73 71 72 63 60 62 65 130 127 128 129 182 183 186 181 185 354 355 356 357 352 221 225 217 214 216 215 379 223 220 218 381
1373.2926732228616
2
Fleet 21 on 0'th route
7 6 8 20 19 18 14 13 77 76 73 71 72 63 60 62 65 130 127 128 129 182 183 186 181 185 354 355 356 357 352 221 225 217 214 216 215 379 223 220 218 381
1445.5712349714333
2
Fleet 22 on 0'th route
7 6 8 20 19 18 14 13 77 76 73 71 72 63 60 62 65 130 127 128 129 182 183 186 181 185 354 355 356 357 352 221 225 217 214 216 215 379 223 220 218 381
1517.849796720005
2
Fleet 23 on 0'th route
7 6 8 20 19 18 14 13 77 76 73 71 72 63 60 62 65 130 127 128 129 182 183 186 181 185 354 355 356 357 352 221 225 217 214 216 215 379 223 220 218 381
1590.1283584685768
2
Fleet 24 on 0'th route
7 6 8 20 19 18 14 13 77 76 73 71 72 63 60 62 65 130 127 128 129 182 183 186 181 185 354 355 356 357 352 221 225 217 214 216 215 379 223 220 218 381
1662.4069202171486
2
Fleet 25 on 0'th route
7 6 8 20 19 18 14 13 77 76 73 71 72 63 60 62 65 130 127 128 129 182 183 186 181 185 354 355 356 357 352 221 225 217 214 216 215 379 223 220 218 381
1734.6854819657203
2
Fleet 26 on 0'th route
7 6 8 20 19 18 14 13 77 76 73 71 72 63 60 62 65 130 127 128 129 182 183 186 181 185 354 355 356 357 352 221 225 217 214 216 215 379 223 220 218 381
1806.964043714292
2
Fleet 27 on 0'th route
7 6 8 20 19 18 14 13 77 76 73 71 72 63 60 62 65 130 127 128 129 182 183 186 181 185 354 355 356 357 352 221 225 217 214 216 215 379 223 220 218 381
1879.2426054628638
2
Fleet 28 on 0'th route
7 6 8 20 19 18 14 13 77 76 73 71 72 63 60 62 65 130 127 128 129 182 183 186 181 185 354 355 356 357 352 221 225 217 214 216 215 379 223 220 218 381
1951.5211672114356
2
Fleet 29 on 0'th route
7 6 8 20 19 18 14 13 77 76 73 71 72 63 60 62 65 130 127 128 129 182 183 186 181 185 354 355 356 357 352 221 225 217 214 216 215 379 223 220 218 381
2023.7997289600073
2
Fleet 30 on 0'th route
7 6 8 20 19 18 14 13 77 76 73 71 72 63 60 62 65 130 127 128 129 182 183 186 181 185 354 355 356 357 352 221 225 217 214 216 215 379 223 220 218 381
2096.078290708579
2
Fleet 31 on 0'th route
7 6 8 20 19 18 14 13 77 76 73 71 72 63 60 62 65 130 127 128 129 182 183 186 181 185 354 355 356 357 352 221 225 217 214 216 215 379 223 220 218 381
2168.3568524571506
2
Fleet 32 on 0'th route
7 6 8 20 19 18 14 13 77 76 73 71 72 63 60 62 65 130 127 128 129 182 183 186 181 185 354 355 356 357 352 221 225 217 214 216 215 379 223 220 218 381
2240.635414205722
2
Fleet 33 on 0'th route
7 6 8 20 19 18 14 13 77 76 73 71 72 63 60 62 65 130 127 128 129 182 183 186 181 185 354 355 356 357 352 221 225 217 214 216 215 379 223 220 218 381
2312.9139759542936
2
Fleet 34 on 0'th route
7 6 8 20 19 18 14 13 77 76 73 71 72 63 60 62 65 130 127 128 129 182 183 186 181 185 354 355 356 357 352 221 225 217 214 216 215 379 223 220 218 381
2385.192537702865
2
Fleet 35 on 0'th route
7 6 8 20 19 18 14 13 77 76 73 71 72 63 60 62 65 130 127 128 129 182 183 186 181 185 354 355 356 357 352 221 225 217 214 216 215 379 223 220 218 381
2457.4710994514367
2
Fleet 36 on 0'th route
7 6 8 20 19 18 14 13 77 76 73 71 72 63 60 62 65 130 127 128 129 182 183 186 181 185 354 355 356 357 352 221 225 217 214 216 215 379 223 220 218 381
2529.749661200008
2
Fleet 37 on 0'th route
7 6 8 20 19 18 14 13 77 76 73 71 72 63 60 62 65 130 127 128 129 182 183 186 181 185 354 355 356 357 352 221 225 217 214 216 215 379 223 220 218 381
2602.0282229485797
2
Fleet 38 on 0'th route
7 6 8 20 19 18 14 13 77 76 73 71 72 63 60 62 65 130 127 128 129 182 183 186 181 185 354 355 356 357 352 221 225 217 214 216 215 379 223 220 218 381
2674.306784697151
2
Fleet 39 on 0'th route
7 6 8 20 19 18 14 13 77 76 73 71 72 63 60 62 65 130 127 128 129 182 183 186 181 185 354 355 356 357 352 221 225 217 214 216 215 379 223 220 218 381
2746.5853464457227
2
Fleet 40 on 0'th route
7 6 8 20 19 18 14 13 77 76 73 71 72 63 60 62 65 130 127 128 129 182 183 186 181 185 354 355 356 357 352 221 225 217 214 216 215 379 223 220 218 381
2818.8639081942943
2
Fleet 41 on 0'th route
7 6 8 20 19 18 14 13 77 76 73 71 72 63 60 62 65 130 127 128 129 182 183 186 181 185 354 355 356 357 352 221 225 217 214 216 215 379 223 220 218 381
2891.142469942866
2
Fleet 42 on 0'th route
7 6 8 20 19 18 14 13 77 76 73 71 72 63 60 62 65 130 127 128 129 182 183 186 181 185 354 355 356 357 352 221 225 217 214 216 215 379 223 220 218 381
2963.4210316914373
2
Fleet 43 on 0'th route
7 6 8 20 19 18 14 13 77 76 73 71 72 63 60 62 65 130 127 128 129 182 183 186 181 185 354 355 356 357 352 221 225 217 214 216 215 379 223 220 218 381
3035.699593440009
2
Fleet 44 on 0'th route
7 6 8 20 19 18 14 13 77 76 73 71 72 63 60 62 65 130 127 128 129 182 183 186 181 185 354 355 356 357 352 221 225 217 214 216 215 379 223 220 218 381
3107.9781551885803
1
Fleet 45 on 0'th route
7 6 8 20 19 18 14 13 77 76 73 71 72 63 60 62 65 130 127 128 129 182 183 186 181 185 354 355 356 357 352 221 225 217 214 216 215 379 223 220 218 381
3180.256716937152
1
Fleet 46 on 0'th route
7 6 8 20 19 18 14 13 77 76 73 71 72 63 60 62 65 130 127 128 129 182 183 186 181 185 354 355 356 357 352 221 225 217 214 216 215 379 223 220 218 381
3252.5352786857234
1
Fleet 47 on 0'th route
7 6 8 20 19 18 14 13 77 76 73 71 72 63 60 62 65 130 127 128 129 182 183 186 181 185 354 355 356 357 352 221 225 217 214 216 215 379 223 220 218 381
3324.813840434295
1
Fleet 48 on 0'th route
7 6 8 20 19 18 14 13 77 76 73 71 72 63 60 62 65 130 127 128 129 182 183 186 181 185 354 355 356 357 352 221 225 217 214 216 215 379 223 220 218 381
3397.0924021828664
1
Fleet 49 on 0'th route
7 6 8 20 19 18 14 13 77 76 73 71 72 63 60 62 65 130 127 128 129 182 183 186 181 185 354 355 356 357 352 221 225 217 214 216 215 379 223 220 218 381
3469.370963931438
1
Fleet 50 on 0'th route
7 6 8 20 19 18 14 13 77 76 73 71 72 63 60 62 65 130 127 128 129 182 183 186 181 185 354 355 356 357 352 221 225 217 214 216 215 379 223 220 218 381
3541.6495256800094
1
Fleet 51 on 0'th route
7 6 8 20 19 18 14 13 77 76 73 71 72 63 60 62 65 130 127 128 129 182 183 186 181 185 354 355 356 357 352 221 225 217 214 216 215 379 223 220 218 381
3613.928087428581
1
Fleet 52 on 0'th route
7 6 8 20 19 18 14 13 77 76 73 71 72 63 60 62 65 130 127 128 129 182 183 186 181 185 354 355 356 357 352 221 225 217 214 216 215 379 223 220 218 381
3686.2066491771525
1
Fleet 53 on 0'th route
7 6 8 20 19 18 14 13 77 76 73 71 72 63 60 62 65 130 127 128 129 182 183 186 181 185 354 355 356 357 352 221 225 217 214 216 215 379 223 220 218 381
3758.485210925724
1
Fleet 54 on 0'th route
7 6 8 20 19 18 14 13 77 76 73 71 72 63 60 62 65 130 127 128 129 182 183 186 181 185 354 355 356 357 352 221 225 217 214 216 215 379 223 220 218 381
3830.7637726742955
1
Fleet 55 on 0'th route
7 6 8 20 19 18 14 13 77 76 73 71 72 63 60 62 65 130 127 128 129 182 183 186 181 185 354 355 356 357 352 221 225 217 214 216 215 379 223 220 218 381
3903.042334422867
1
Fleet 56 on 0'th route
7 6 8 20 19 18 14 13 77 76 73 71 72 63 60 62 65 130 127 128 129 182 183 186 181 185 354 355 356 357 352 221 225 217 214 216 215 379 223 220 218 381
3975.3208961714386
1
Fleet 57 on 0'th route
7 6 8 20 19 18 14 13 77 76 73 71 72 63 60 62 65 130 127 128 129 182 183 186 181 185 354 355 356 357 352 221 225 217 214 216 215 379 223 220 218 381
4047.59945792001
1
Fleet 58 on 0'th route
7 6 8 20 19 18 14 13 77 76 73 71 72 63 60 62 65 130 127 128 129 182 183 186 181 185 354 355 356 357 352 221 225 217 214 216 215 379 223 220 218 381
4119.878019668582
1
Fleet 59 on 0'th route
7 6 8 20 19 18 14 13 77 76 73 71 72 63 60 62 65 130 127 128 129 182 183 186 181 185 354 355 356 357 352 221 225 217 214 216 215 379 223 220 218 381
4192.156581417154
1
Fleet 60 on 1'th route
248 78 245 246 247 40 39 133 135 138 255 256 148 144 142 143 145 146 147 154 380 270 269 268 374 372 373 375 266 166 167 378 377 376 156 155 224 219 218 381
0.0
2
Fleet 61 on 1'th route
248 78 245 246 247 40 39 133 135 138 255 256 148 144 142 143 145 146 147 154 380 270 269 268 374 372 373 375 266 166 167 378 377 376 156 155 224 219 218 381
232.02902337567193
2
Fleet 62 on 1'th route
248 78 245 246 247 40 39 133 135 138 255 256 148 144 142 143 145 146 147 154 380 270 269 268 374 372 373 375 266 166 167 378 377 376 156 155 224 219 218 381
464.05804675134385
2
Fleet 63 on 1'th route
248 78 245 246 247 40 39 133 135 138 255 256 148 144 142 143 145 146 147 154 380 270 269 268 374 372 373 375 266 166 167 378 377 376 156 155 224 219 218 381
696.0870701270157
2
Fleet 64 on 1'th route
248 78 245 246 247 40 39 133 135 138 255 256 148 144 142 143 145 146 147 154 380 270 269 268 374 372 373 375 266 166 167 378 377 376 156 155 224 219 218 381
928.1160935026877
2
Fleet 65 on 1'th route
248 78 245 246 247 40 39 133 135 138 255 256 148 144 142 143 145 146 147 154 380 270 269 268 374 372 373 375 266 166 167 378 377 376 156 155 224 219 218 381
1160.1451168783597
2
Fleet 66 on 1'th route
248 78 245 246 247 40 39 133 135 138 255 256 148 144 142 143 145 146 147 154 380 270 269 268 374 372 373 375 266 166 167 378 377 376 156 155 224 219 218 381
1392.1741402540315
2
Fleet 67 on 1'th route
248 78 245 246 247 40 39 133 135 138 255 256 148 144 142 143 145 146 147 154 380 270 269 268 374 372 373 375 266 166 167 378 377 376 156 155 224 219 218 381
1624.2031636297033
2
Fleet 68 on 1'th route
248 78 245 246 247 40 39 133 135 138 255 256 148 144 142 143 145 146 147 154 380 270 269 268 374 372 373 375 266 166 167 378 377 376 156 155 224 219 218 381
1856.2321870053752
2
Fleet 69 on 1'th route
248 78 245 246 247 40 39 133 135 138 255 256 148 144 142 143 145 146 147 154 380 270 269 268 374 372 373 375 266 166 167 378 377 376 156 155 224 219 218 381
2088.261210381047
2
Fleet 70 on 1'th route
248 78 245 246 247 40 39 133 135 138 255 256 148 144 142 143 145 146 147 154 380 270 269 268 374 372 373 375 266 166 167 378 377 376 156 155 224 219 218 381
2320.290233756719
2
Fleet 71 on 1'th route
248 78 245 246 247 40 39 133 135 138 255 256 148 144 142 143 145 146 147 154 380 270 269 268 374 372 373 375 266 166 167 378 377 376 156 155 224 219 218 381
2552.3192571323907
2
Fleet 72 on 1'th route
248 78 245 246 247 40 39 133 135 138 255 256 148 144 142 143 145 146 147 154 380 270 269 268 374 372 373 375 266 166 167 378 377 376 156 155 224 219 218 381
2784.3482805080625
1
Fleet 73 on 1'th route
248 78 245 246 247 40 39 133 135 138 255 256 148 144 142 143 145 146 147 154 380 270 269 268 374 372 373 375 266 166 167 378 377 376 156 155 224 219 218 381
3016.3773038837344
1
Fleet 74 on 1'th route
248 78 245 246 247 40 39 133 135 138 255 256 148 144 142 143 145 146 147 154 380 270 269 268 374 372 373 375 266 166 167 378 377 376 156 155 224 219 218 381
3248.406327259406
1
Fleet 75 on 1'th route
248 78 245 246 247 40 39 133 135 138 255 256 148 144 142 143 145 146 147 154 380 270 269 268 374 372 373 375 266 166 167 378 377 376 156 155 224 219 218 381
3480.435350635078
1
Fleet 76 on 1'th route
248 78 245 246 247 40 39 133 135 138 255 256 148 144 142 143 145 146 147 154 380 270 269 268 374 372 373 375 266 166 167 378 377 376 156 155 224 219 218 381
3712.46437401075
1
Fleet 77 on 1'th route
248 78 245 246 247 40 39 133 135 138 255 256 148 144 142 143 145 146 147 154 380 270 269 268 374 372 373 375 266 166 167 378 377 376 156 155 224 219 218 381
3944.4933973864217
1
Fleet 78 on 1'th route
248 78 245 246 247 40 39 133 135 138 255 256 148 144 142 143 145 146 147 154 380 270 269 268 374 372 373 375 266 166 167 378 377 376 156 155 224 219 218 381
4176.522420762094
1
Fleet 79 on 2'th route
257 258 259 260 261 262 263 3 0 1 253 252 251 28 29 27 25 23 22 32 33 34 35 36 37 38 137 135 132 126 125 182 179 47 239 234 288 198 199 382
0.0
2
Fleet 80 on 2'th route
257 258 259 260 261 262 263 3 0 1 253 252 251 28 29 27 25 23 22 32 33 34 35 36 37 38 137 135 132 126 125 182 179 47 239 234 288 198 199 382
476.6584113231196
2
Fleet 81 on 2'th route
257 258 259 260 261 262 263 3 0 1 253 252 251 28 29 27 25 23 22 32 33 34 35 36 37 38 137 135 132 126 125 182 179 47 239 234 288 198 199 382
953.3168226462392
2
Fleet 82 on 2'th route
257 258 259 260 261 262 263 3 0 1 253 252 251 28 29 27 25 23 22 32 33 34 35 36 37 38 137 135 132 126 125 182 179 47 239 234 288 198 199 382
1429.9752339693587
2
Fleet 83 on 2'th route
257 258 259 260 261 262 263 3 0 1 253 252 251 28 29 27 25 23 22 32 33 34 35 36 37 38 137 135 132 126 125 182 179 47 239 234 288 198 199 382
1906.6336452924784
2
Fleet 84 on 2'th route
257 258 259 260 261 262 263 3 0 1 253 252 251 28 29 27 25 23 22 32 33 34 35 36 37 38 137 135 132 126 125 182 179 47 239 234 288 198 199 382
2383.292056615598
2
Fleet 85 on 2'th route
257 258 259 260 261 262 263 3 0 1 253 252 251 28 29 27 25 23 22 32 33 34 35 36 37 38 137 135 132 126 125 182 179 47 239 234 288 198 199 382
2859.950467938718
2
Fleet 86 on 2'th route
257 258 259 260 261 262 263 3 0 1 253 252 251 28 29 27 25 23 22 32 33 34 35 36 37 38 137 135 132 126 125 182 179 47 239 234 288 198 199 382
3336.6088792618375
2
Fleet 87 on 2'th route
257 258 259 260 261 262 263 3 0 1 253 252 251 28 29 27 25 23 22 32 33 34 35 36 37 38 137 135 132 126 125 182 179 47 239 234 288 198 199 382
3813.267290584957
2
Fleet 88 on 3'th route
108 110 124 371 94 93 91 92 84 240 52 53 59 56 50 48 49 51 55 127 128 126 131 149 265 264 292 271 293 294 173 172 162 161 163 164 171 170 169 381
0.0
2
Fleet 89 on 3'th route
108 110 124 371 94 93 91 92 84 240 52 53 59 56 50 48 49 51 55 127 128 126 131 149 265 264 292 271 293 294 173 172 162 161 163 164 171 170 169 381
51.06919362599747
2
Fleet 90 on 3'th route
108 110 124 371 94 93 91 92 84 240 52 53 59 56 50 48 49 51 55 127 128 126 131 149 265 264 292 271 293 294 173 172 162 161 163 164 171 170 169 381
102.13838725199494
2
Fleet 91 on 3'th route
108 110 124 371 94 93 91 92 84 240 52 53 59 56 50 48 49 51 55 127 128 126 131 149 265 264 292 271 293 294 173 172 162 161 163 164 171 170 169 381
153.20758087799243
2
Fleet 92 on 3'th route
108 110 124 371 94 93 91 92 84 240 52 53 59 56 50 48 49 51 55 127 128 126 131 149 265 264 292 271 293 294 173 172 162 161 163 164 171 170 169 381
204.27677450398988
2
Fleet 93 on 3'th route
108 110 124 371 94 93 91 92 84 240 52 53 59 56 50 48 49 51 55 127 128 126 131 149 265 264 292 271 293 294 173 172 162 161 163 164 171 170 169 381
255.34596812998734
2
Fleet 94 on 3'th route
108 110 124 371 94 93 91 92 84 240 52 53 59 56 50 48 49 51 55 127 128 126 131 149 265 264 292 271 293 294 173 172 162 161 163 164 171 170 169 381
306.4151617559848
2
Fleet 95 on 3'th route
108 110 124 371 94 93 91 92 84 240 52 53 59 56 50 48 49 51 55 127 128 126 131 149 265 264 292 271 293 294 173 172 162 161 163 164 171 170 169 381
357.48435538198225
2
Fleet 96 on 3'th route
108 110 124 371 94 93 91 92 84 240 52 53 59 56 50 48 49 51 55 127 128 126 131 149 265 264 292 271 293 294 173 172 162 161 163 164 171 170 169 381
408.5535490079797
2
Fleet 97 on 3'th route
108 110 124 371 94 93 91 92 84 240 52 53 59 56 50 48 49 51 55 127 128 126 131 149 265 264 292 271 293 294 173 172 162 161 163 164 171 170 169 381
459.62274263397717
2
Fleet 98 on 3'th route
108 110 124 371 94 93 91 92 84 240 52 53 59 56 50 48 49 51 55 127 128 126 131 149 265 264 292 271 293 294 173 172 162 161 163 164 171 170 169 381
510.6919362599746
2
Fleet 99 on 3'th route
108 110 124 371 94 93 91 92 84 240 52 53 59 56 50 48 49 51 55 127 128 126 131 149 265 264 292 271 293 294 173 172 162 161 163 164 171 170 169 381
561.7611298859721
2
Fleet 100 on 3'th route
108 110 124 371 94 93 91 92 84 240 52 53 59 56 50 48 49 51 55 127 128 126 131 149 265 264 292 271 293 294 173 172 162 161 163 164 171 170 169 381
612.8303235119696
2
Fleet 101 on 3'th route
108 110 124 371 94 93 91 92 84 240 52 53 59 56 50 48 49 51 55 127 128 126 131 149 265 264 292 271 293 294 173 172 162 161 163 164 171 170 169 381
663.8995171379671
2
Fleet 102 on 3'th route
108 110 124 371 94 93 91 92 84 240 52 53 59 56 50 48 49 51 55 127 128 126 131 149 265 264 292 271 293 294 173 172 162 161 163 164 171 170 169 381
714.9687107639646
2
Fleet 103 on 3'th route
108 110 124 371 94 93 91 92 84 240 52 53 59 56 50 48 49 51 55 127 128 126 131 149 265 264 292 271 293 294 173 172 162 161 163 164 171 170 169 381
766.0379043899621
2
Fleet 104 on 3'th route
108 110 124 371 94 93 91 92 84 240 52 53 59 56 50 48 49 51 55 127 128 126 131 149 265 264 292 271 293 294 173 172 162 161 163 164 171 170 169 381
817.1070980159597
2
Fleet 105 on 3'th route
108 110 124 371 94 93 91 92 84 240 52 53 59 56 50 48 49 51 55 127 128 126 131 149 265 264 292 271 293 294 173 172 162 161 163 164 171 170 169 381
868.1762916419572
2
Fleet 106 on 3'th route
108 110 124 371 94 93 91 92 84 240 52 53 59 56 50 48 49 51 55 127 128 126 131 149 265 264 292 271 293 294 173 172 162 161 163 164 171 170 169 381
919.2454852679547
2
Fleet 107 on 3'th route
108 110 124 371 94 93 91 92 84 240 52 53 59 56 50 48 49 51 55 127 128 126 131 149 265 264 292 271 293 294 173 172 162 161 163 164 171 170 169 381
970.3146788939522
2
Fleet 108 on 3'th route
108 110 124 371 94 93 91 92 84 240 52 53 59 56 50 48 49 51 55 127 128 126 131 149 265 264 292 271 293 294 173 172 162 161 163 164 171 170 169 381
1021.3838725199497
2
Fleet 109 on 3'th route
108 110 124 371 94 93 91 92 84 240 52 53 59 56 50 48 49 51 55 127 128 126 131 149 265 264 292 271 293 294 173 172 162 161 163 164 171 170 169 381
1072.453066145947
2
Fleet 110 on 3'th route
108 110 124 371 94 93 91 92 84 240 52 53 59 56 50 48 49 51 55 127 128 126 131 149 265 264 292 271 293 294 173 172 162 161 163 164 171 170 169 381
1123.5222597719446
2
Fleet 111 on 3'th route
108 110 124 371 94 93 91 92 84 240 52 53 59 56 50 48 49 51 55 127 128 126 131 149 265 264 292 271 293 294 173 172 162 161 163 164 171 170 169 381
1174.5914533979421
2
Fleet 112 on 3'th route
108 110 124 371 94 93 91 92 84 240 52 53 59 56 50 48 49 51 55 127 128 126 131 149 265 264 292 271 293 294 173 172 162 161 163 164 171 170 169 381
1225.6606470239396
2
Fleet 113 on 3'th route
108 110 124 371 94 93 91 92 84 240 52 53 59 56 50 48 49 51 55 127 128 126 131 149 265 264 292 271 293 294 173 172 162 161 163 164 171 170 169 381
1276.7298406499372
2
Fleet 114 on 3'th route
108 110 124 371 94 93 91 92 84 240 52 53 59 56 50 48 49 51 55 127 128 126 131 149 265 264 292 271 293 294 173 172 162 161 163 164 171 170 169 381
1327.7990342759347
2
Fleet 115 on 3'th route
108 110 124 371 94 93 91 92 84 240 52 53 59 56 50 48 49 51 55 127 128 126 131 149 265 264 292 271 293 294 173 172 162 161 163 164 171 170 169 381
1378.8682279019322
2
Fleet 116 on 3'th route
108 110 124 371 94 93 91 92 84 240 52 53 59 56 50 48 49 51 55 127 128 126 131 149 265 264 292 271 293 294 173 172 162 161 163 164 171 170 169 381
1429.9374215279297
2
Fleet 117 on 3'th route
108 110 124 371 94 93 91 92 84 240 52 53 59 56 50 48 49 51 55 127 128 126 131 149 265 264 292 271 293 294 173 172 162 161 163 164 171 170 169 381
1481.0066151539272
2
Fleet 118 on 3'th route
108 110 124 371 94 93 91 92 84 240 52 53 59 56 50 48 49 51 55 127 128 126 131 149 265 264 292 271 293 294 173 172 162 161 163 164 171 170 169 381
1532.0758087799247
2
Fleet 119 on 3'th route
108 110 124 371 94 93 91 92 84 240 52 53 59 56 50 48 49 51 55 127 128 126 131 149 265 264 292 271 293 294 173 172 162 161 163 164 171 170 169 381
1583.1450024059222
2
Fleet 120 on 3'th route
108 110 124 371 94 93 91 92 84 240 52 53 59 56 50 48 49 51 55 127 128 126 131 149 265 264 292 271 293 294 173 172 162 161 163 164 171 170 169 381
1634.2141960319198
2
Fleet 121 on 3'th route
108 110 124 371 94 93 91 92 84 240 52 53 59 56 50 48 49 51 55 127 128 126 131 149 265 264 292 271 293 294 173 172 162 161 163 164 171 170 169 381
1685.2833896579173
2
Fleet 122 on 3'th route
108 110 124 371 94 93 91 92 84 240 52 53 59 56 50 48 49 51 55 127 128 126 131 149 265 264 292 271 293 294 173 172 162 161 163 164 171 170 169 381
1736.3525832839148
2
Fleet 123 on 3'th route
108 110 124 371 94 93 91 92 84 240 52 53 59 56 50 48 49 51 55 127 128 126 131 149 265 264 292 271 293 294 173 172 162 161 163 164 171 170 169 381
1787.4217769099123
2
Fleet 124 on 3'th route
108 110 124 371 94 93 91 92 84 240 52 53 59 56 50 48 49 51 55 127 128 126 131 149 265 264 292 271 293 294 173 172 162 161 163 164 171 170 169 381
1838.4909705359098
2
Fleet 125 on 3'th route
108 110 124 371 94 93 91 92 84 240 52 53 59 56 50 48 49 51 55 127 128 126 131 149 265 264 292 271 293 294 173 172 162 161 163 164 171 170 169 381
1889.5601641619073
2
Fleet 126 on 3'th route
108 110 124 371 94 93 91 92 84 240 52 53 59 56 50 48 49 51 55 127 128 126 131 149 265 264 292 271 293 294 173 172 162 161 163 164 171 170 169 381
1940.6293577879048
2
Fleet 127 on 3'th route
108 110 124 371 94 93 91 92 84 240 52 53 59 56 50 48 49 51 55 127 128 126 131 149 265 264 292 271 293 294 173 172 162 161 163 164 171 170 169 381
1991.6985514139024
2
Fleet 128 on 3'th route
108 110 124 371 94 93 91 92 84 240 52 53 59 56 50 48 49 51 55 127 128 126 131 149 265 264 292 271 293 294 173 172 162 161 163 164 171 170 169 381
2042.7677450398999
2
Fleet 129 on 3'th route
108 110 124 371 94 93 91 92 84 240 52 53 59 56 50 48 49 51 55 127 128 126 131 149 265 264 292 271 293 294 173 172 162 161 163 164 171 170 169 381
2093.8369386658974
2
Fleet 130 on 3'th route
108 110 124 371 94 93 91 92 84 240 52 53 59 56 50 48 49 51 55 127 128 126 131 149 265 264 292 271 293 294 173 172 162 161 163 164 171 170 169 381
2144.9061322918947
2
Fleet 131 on 3'th route
108 110 124 371 94 93 91 92 84 240 52 53 59 56 50 48 49 51 55 127 128 126 131 149 265 264 292 271 293 294 173 172 162 161 163 164 171 170 169 381
2195.975325917892
2
Fleet 132 on 3'th route
108 110 124 371 94 93 91 92 84 240 52 53 59 56 50 48 49 51 55 127 128 126 131 149 265 264 292 271 293 294 173 172 162 161 163 164 171 170 169 381
2247.0445195438892
2
Fleet 133 on 3'th route
108 110 124 371 94 93 91 92 84 240 52 53 59 56 50 48 49 51 55 127 128 126 131 149 265 264 292 271 293 294 173 172 162 161 163 164 171 170 169 381
2298.1137131698865
2
Fleet 134 on 3'th route
108 110 124 371 94 93 91 92 84 240 52 53 59 56 50 48 49 51 55 127 128 126 131 149 265 264 292 271 293 294 173 172 162 161 163 164 171 170 169 381
2349.182906795884
2
Fleet 135 on 3'th route
108 110 124 371 94 93 91 92 84 240 52 53 59 56 50 48 49 51 55 127 128 126 131 149 265 264 292 271 293 294 173 172 162 161 163 164 171 170 169 381
2400.252100421881
2
Fleet 136 on 3'th route
108 110 124 371 94 93 91 92 84 240 52 53 59 56 50 48 49 51 55 127 128 126 131 149 265 264 292 271 293 294 173 172 162 161 163 164 171 170 169 381
2451.3212940478784
2
Fleet 137 on 3'th route
108 110 124 371 94 93 91 92 84 240 52 53 59 56 50 48 49 51 55 127 128 126 131 149 265 264 292 271 293 294 173 172 162 161 163 164 171 170 169 381
2502.3904876738757
2
Fleet 138 on 3'th route
108 110 124 371 94 93 91 92 84 240 52 53 59 56 50 48 49 51 55 127 128 126 131 149 265 264 292 271 293 294 173 172 162 161 163 164 171 170 169 381
2553.459681299873
2
Fleet 139 on 3'th route
108 110 124 371 94 93 91 92 84 240 52 53 59 56 50 48 49 51 55 127 128 126 131 149 265 264 292 271 293 294 173 172 162 161 163 164 171 170 169 381
2604.5288749258702
2
Fleet 140 on 3'th route
108 110 124 371 94 93 91 92 84 240 52 53 59 56 50 48 49 51 55 127 128 126 131 149 265 264 292 271 293 294 173 172 162 161 163 164 171 170 169 381
2655.5980685518675
2
Fleet 141 on 3'th route
108 110 124 371 94 93 91 92 84 240 52 53 59 56 50 48 49 51 55 127 128 126 131 149 265 264 292 271 293 294 173 172 162 161 163 164 171 170 169 381
2706.667262177865
2
Fleet 142 on 3'th route
108 110 124 371 94 93 91 92 84 240 52 53 59 56 50 48 49 51 55 127 128 126 131 149 265 264 292 271 293 294 173 172 162 161 163 164 171 170 169 381
2757.736455803862
2
Fleet 143 on 3'th route
108 110 124 371 94 93 91 92 84 240 52 53 59 56 50 48 49 51 55 127 128 126 131 149 265 264 292 271 293 294 173 172 162 161 163 164 171 170 169 381
2808.8056494298594
2
Fleet 144 on 3'th route
108 110 124 371 94 93 91 92 84 240 52 53 59 56 50 48 49 51 55 127 128 126 131 149 265 264 292 271 293 294 173 172 162 161 163 164 171 170 169 381
2859.8748430558567
2
Fleet 145 on 3'th route
108 110 124 371 94 93 91 92 84 240 52 53 59 56 50 48 49 51 55 127 128 126 131 149 265 264 292 271 293 294 173 172 162 161 163 164 171 170 169 381
2910.944036681854
2
Fleet 146 on 3'th route
108 110 124 371 94 93 91 92 84 240 52 53 59 56 50 48 49 51 55 127 128 126 131 149 265 264 292 271 293 294 173 172 162 161 163 164 171 170 169 381
2962.0132303078512
2
Fleet 147 on 3'th route
108 110 124 371 94 93 91 92 84 240 52 53 59 56 50 48 49 51 55 127 128 126 131 149 265 264 292 271 293 294 173 172 162 161 163 164 171 170 169 381
3013.0824239338485
2
Fleet 148 on 3'th route
108 110 124 371 94 93 91 92 84 240 52 53 59 56 50 48 49 51 55 127 128 126 131 149 265 264 292 271 293 294 173 172 162 161 163 164 171 170 169 381
3064.151617559846
2
Fleet 149 on 3'th route
108 110 124 371 94 93 91 92 84 240 52 53 59 56 50 48 49 51 55 127 128 126 131 149 265 264 292 271 293 294 173 172 162 161 163 164 171 170 169 381
3115.220811185843
2
Fleet 150 on 3'th route
108 110 124 371 94 93 91 92 84 240 52 53 59 56 50 48 49 51 55 127 128 126 131 149 265 264 292 271 293 294 173 172 162 161 163 164 171 170 169 381
3166.2900048118404
2
Fleet 151 on 3'th route
108 110 124 371 94 93 91 92 84 240 52 53 59 56 50 48 49 51 55 127 128 126 131 149 265 264 292 271 293 294 173 172 162 161 163 164 171 170 169 381
3217.3591984378377
2
Fleet 152 on 3'th route
108 110 124 371 94 93 91 92 84 240 52 53 59 56 50 48 49 51 55 127 128 126 131 149 265 264 292 271 293 294 173 172 162 161 163 164 171 170 169 381
3268.428392063835
2
Fleet 153 on 3'th route
108 110 124 371 94 93 91 92 84 240 52 53 59 56 50 48 49 51 55 127 128 126 131 149 265 264 292 271 293 294 173 172 162 161 163 164 171 170 169 381
3319.4975856898322
2
Fleet 154 on 3'th route
108 110 124 371 94 93 91 92 84 240 52 53 59 56 50 48 49 51 55 127 128 126 131 149 265 264 292 271 293 294 173 172 162 161 163 164 171 170 169 381
3370.5667793158295
2
Fleet 155 on 3'th route
108 110 124 371 94 93 91 92 84 240 52 53 59 56 50 48 49 51 55 127 128 126 131 149 265 264 292 271 293 294 173 172 162 161 163 164 171 170 169 381
3421.635972941827
2
Fleet 156 on 3'th route
108 110 124 371 94 93 91 92 84 240 52 53 59 56 50 48 49 51 55 127 128 126 131 149 265 264 292 271 293 294 173 172 162 161 163 164 171 170 169 381
3472.705166567824
2
Fleet 157 on 3'th route
108 110 124 371 94 93 91 92 84 240 52 53 59 56 50 48 49 51 55 127 128 126 131 149 265 264 292 271 293 294 173 172 162 161 163 164 171 170 169 381
3523.7743601938214
2
Fleet 158 on 3'th route
108 110 124 371 94 93 91 92 84 240 52 53 59 56 50 48 49 51 55 127 128 126 131 149 265 264 292 271 293 294 173 172 162 161 163 164 171 170 169 381
3574.8435538198187
2
Fleet 159 on 3'th route
108 110 124 371 94 93 91 92 84 240 52 53 59 56 50 48 49 51 55 127 128 126 131 149 265 264 292 271 293 294 173 172 162 161 163 164 171 170 169 381
3625.912747445816
2
Fleet 160 on 3'th route
108 110 124 371 94 93 91 92 84 240 52 53 59 56 50 48 49 51 55 127 128 126 131 149 265 264 292 271 293 294 173 172 162 161 163 164 171 170 169 381
3676.9819410718133
2
Fleet 161 on 3'th route
108 110 124 371 94 93 91 92 84 240 52 53 59 56 50 48 49 51 55 127 128 126 131 149 265 264 292 271 293 294 173 172 162 161 163 164 171 170 169 381
3728.0511346978105
2
Fleet 162 on 3'th route
108 110 124 371 94 93 91 92 84 240 52 53 59 56 50 48 49 51 55 127 128 126 131 149 265 264 292 271 293 294 173 172 162 161 163 164 171 170 169 381
3779.120328323808
2
Fleet 163 on 3'th route
108 110 124 371 94 93 91 92 84 240 52 53 59 56 50 48 49 51 55 127 128 126 131 149 265 264 292 271 293 294 173 172 162 161 163 164 171 170 169 381
3830.189521949805
2
Fleet 164 on 3'th route
108 110 124 371 94 93 91 92 84 240 52 53 59 56 50 48 49 51 55 127 128 126 131 149 265 264 292 271 293 294 173 172 162 161 163 164 171 170 169 381
3881.2587155758024
2
Fleet 165 on 3'th route
108 110 124 371 94 93 91 92 84 240 52 53 59 56 50 48 49 51 55 127 128 126 131 149 265 264 292 271 293 294 173 172 162 161 163 164 171 170 169 381
3932.3279092017997
2
Fleet 166 on 3'th route
108 110 124 371 94 93 91 92 84 240 52 53 59 56 50 48 49 51 55 127 128 126 131 149 265 264 292 271 293 294 173 172 162 161 163 164 171 170 169 381
3983.397102827797
2
Fleet 167 on 3'th route
108 110 124 371 94 93 91 92 84 240 52 53 59 56 50 48 49 51 55 127 128 126 131 149 265 264 292 271 293 294 173 172 162 161 163 164 171 170 169 381
4034.4662964537943
2
Fleet 168 on 3'th route
108 110 124 371 94 93 91 92 84 240 52 53 59 56 50 48 49 51 55 127 128 126 131 149 265 264 292 271 293 294 173 172 162 161 163 164 171 170 169 381
4085.5354900797915
2
Fleet 169 on 3'th route
108 110 124 371 94 93 91 92 84 240 52 53 59 56 50 48 49 51 55 127 128 126 131 149 265 264 292 271 293 294 173 172 162 161 163 164 171 170 169 381
4136.604683705789
2
Fleet 170 on 3'th route
108 110 124 371 94 93 91 92 84 240 52 53 59 56 50 48 49 51 55 127 128 126 131 149 265 264 292 271 293 294 173 172 162 161 163 164 171 170 169 381
4187.673877331787
2
Fleet 171 on 3'th route
108 110 124 371 94 93 91 92 84 240 52 53 59 56 50 48 49 51 55 127 128 126 131 149 265 264 292 271 293 294 173 172 162 161 163 164 171 170 169 381
4238.743070957784
2
Fleet 172 on 3'th route
108 110 124 371 94 93 91 92 84 240 52 53 59 56 50 48 49 51 55 127 128 126 131 149 265 264 292 271 293 294 173 172 162 161 163 164 171 170 169 381
4289.812264583781
2
Fleet 173 on 3'th route
108 110 124 371 94 93 91 92 84 240 52 53 59 56 50 48 49 51 55 127 128 126 131 149 265 264 292 271 293 294 173 172 162 161 163 164 171 170 169 381
4340.881458209778
2
Fleet 174 on 3'th route
108 110 124 371 94 93 91 92 84 240 52 53 59 56 50 48 49 51 55 127 128 126 131 149 265 264 292 271 293 294 173 172 162 161 163 164 171 170 169 381
4391.950651835776
2
Fleet 175 on 3'th route
108 110 124 371 94 93 91 92 84 240 52 53 59 56 50 48 49 51 55 127 128 126 131 149 265 264 292 271 293 294 173 172 162 161 163 164 171 170 169 381
4443.019845461773
2
Fleet 176 on 3'th route
108 110 124 371 94 93 91 92 84 240 52 53 59 56 50 48 49 51 55 127 128 126 131 149 265 264 292 271 293 294 173 172 162 161 163 164 171 170 169 381
4494.08903908777
1
Fleet 177 on 3'th route
108 110 124 371 94 93 91 92 84 240 52 53 59 56 50 48 49 51 55 127 128 126 131 149 265 264 292 271 293 294 173 172 162 161 163 164 171 170 169 381
4545.158232713768
1
Fleet 178 on 3'th route
108 110 124 371 94 93 91 92 84 240 52 53 59 56 50 48 49 51 55 127 128 126 131 149 265 264 292 271 293 294 173 172 162 161 163 164 171 170 169 381
4596.227426339765
1
Fleet 179 on 3'th route
108 110 124 371 94 93 91 92 84 240 52 53 59 56 50 48 49 51 55 127 128 126 131 149 265 264 292 271 293 294 173 172 162 161 163 164 171 170 169 381
4647.296619965762
1
Fleet 180 on 3'th route
108 110 124 371 94 93 91 92 84 240 52 53 59 56 50 48 49 51 55 127 128 126 131 149 265 264 292 271 293 294 173 172 162 161 163 164 171 170 169 381
4698.365813591759
1
Fleet 181 on 3'th route
108 110 124 371 94 93 91 92 84 240 52 53 59 56 50 48 49 51 55 127 128 126 131 149 265 264 292 271 293 294 173 172 162 161 163 164 171 170 169 381
4749.435007217757
1
Fleet 182 on 3'th route
108 110 124 371 94 93 91 92 84 240 52 53 59 56 50 48 49 51 55 127 128 126 131 149 265 264 292 271 293 294 173 172 162 161 163 164 171 170 169 381
4800.504200843754
1
Fleet 183 on 3'th route
108 110 124 371 94 93 91 92 84 240 52 53 59 56 50 48 49 51 55 127 128 126 131 149 265 264 292 271 293 294 173 172 162 161 163 164 171 170 169 381
4851.573394469751
1
Fleet 184 on 3'th route
108 110 124 371 94 93 91 92 84 240 52 53 59 56 50 48 49 51 55 127 128 126 131 149 265 264 292 271 293 294 173 172 162 161 163 164 171 170 169 381
4902.642588095749
1
Fleet 185 on 3'th route
108 110 124 371 94 93 91 92 84 240 52 53 59 56 50 48 49 51 55 127 128 126 131 149 265 264 292 271 293 294 173 172 162 161 163 164 171 170 169 381
4953.711781721746
1
Fleet 186 on 3'th route
108 110 124 371 94 93 91 92 84 240 52 53 59 56 50 48 49 51 55 127 128 126 131 149 265 264 292 271 293 294 173 172 162 161 163 164 171 170 169 381
5004.780975347743
1
Fleet 187 on 3'th route
108 110 124 371 94 93 91 92 84 240 52 53 59 56 50 48 49 51 55 127 128 126 131 149 265 264 292 271 293 294 173 172 162 161 163 164 171 170 169 381
5055.85016897374
1
Fleet 188 on 3'th route
108 110 124 371 94 93 91 92 84 240 52 53 59 56 50 48 49 51 55 127 128 126 131 149 265 264 292 271 293 294 173 172 162 161 163 164 171 170 169 381
5106.919362599738
1
Fleet 189 on 3'th route
108 110 124 371 94 93 91 92 84 240 52 53 59 56 50 48 49 51 55 127 128 126 131 149 265 264 292 271 293 294 173 172 162 161 163 164 171 170 169 381
5157.988556225735
1
Fleet 190 on 3'th route
108 110 124 371 94 93 91 92 84 240 52 53 59 56 50 48 49 51 55 127 128 126 131 149 265 264 292 271 293 294 173 172 162 161 163 164 171 170 169 381
5209.057749851732
1
Fleet 191 on 4'th route
213 215 379 368 366 343 364 365 347 335 336 341 340 339 295 296 298 281 280 47 239 234 288 289 290 286 287 197 111 109 112 113 114 121 122 123 235 198 199 382
0.0
2
Fleet 192 on 5'th route
127 130 132 134 150 149 273 274 275 141 139 140 144 148 256 255 138 135 137 42 39 133 65 55 179 189 298 296 295 339 340 341 336 332 334 329 328 304 299 382
0.0
2
Fleet 193 on 5'th route
127 130 132 134 150 149 273 274 275 141 139 140 144 148 256 255 138 135 137 42 39 133 65 55 179 189 298 296 295 339 340 341 336 332 334 329 328 304 299 382
395.61228463138525
2
Fleet 194 on 5'th route
127 130 132 134 150 149 273 274 275 141 139 140 144 148 256 255 138 135 137 42 39 133 65 55 179 189 298 296 295 339 340 341 336 332 334 329 328 304 299 382
791.2245692627705
2
Fleet 195 on 5'th route
127 130 132 134 150 149 273 274 275 141 139 140 144 148 256 255 138 135 137 42 39 133 65 55 179 189 298 296 295 339 340 341 336 332 334 329 328 304 299 382
1186.8368538941559
2
Fleet 196 on 5'th route
127 130 132 134 150 149 273 274 275 141 139 140 144 148 256 255 138 135 137 42 39 133 65 55 179 189 298 296 295 339 340 341 336 332 334 329 328 304 299 382
1582.449138525541
2
Fleet 197 on 5'th route
127 130 132 134 150 149 273 274 275 141 139 140 144 148 256 255 138 135 137 42 39 133 65 55 179 189 298 296 295 339 340 341 336 332 334 329 328 304 299 382
1978.0614231569261
2
Fleet 198 on 5'th route
127 130 132 134 150 149 273 274 275 141 139 140 144 148 256 255 138 135 137 42 39 133 65 55 179 189 298 296 295 339 340 341 336 332 334 329 328 304 299 382
2373.6737077883113
2
Fleet 199 on 5'th route
127 130 132 134 150 149 273 274 275 141 139 140 144 148 256 255 138 135 137 42 39 133 65 55 179 189 298 296 295 339 340 341 336 332 334 329 328 304 299 382
2769.2859924196964
2
Fleet 200 on 5'th route
127 130 132 134 150 149 273 274 275 141 139 140 144 148 256 255 138 135 137 42 39 133 65 55 179 189 298 296 295 339 340 341 336 332 334 329 328 304 299 382
3164.8982770510815
2
Fleet 201 on 5'th route
127 130 132 134 150 149 273 274 275 141 139 140 144 148 256 255 138 135 137 42 39 133 65 55 179 189 298 296 295 339 340 341 336 332 334 329 328 304 299 382
3560.5105616824667
2
Fleet 202 on 5'th route
127 130 132 134 150 149 273 274 275 141 139 140 144 148 256 255 138 135 137 42 39 133 65 55 179 189 298 296 295 339 340 341 336 332 334 329 328 304 299 382
3956.122846313852
1
Fleet 203 on 5'th route
127 130 132 134 150 149 273 274 275 141 139 140 144 148 256 255 138 135 137 42 39 133 65 55 179 189 298 296 295 339 340 341 336 332 334 329 328 304 299 382
4351.735130945237
1
Fleet 204 on 6'th route
23 29 27 26 250 31 30 25 24 41 22 43 44 46 45 38 137 135 138 136 134 150 149 265 264 292 271 293 294 173 172 162 161 163 164 171 170 169 381
0.0
3
Fleet 205 on 6'th route
23 29 27 26 250 31 30 25 24 41 22 43 44 46 45 38 137 135 138 136 134 150 149 265 264 292 271 293 294 173 172 162 161 163 164 171 170 169 381
923.9262976119044
3
Fleet 206 on 6'th route
23 29 27 26 250 31 30 25 24 41 22 43 44 46 45 38 137 135 138 136 134 150 149 265 264 292 271 293 294 173 172 162 161 163 164 171 170 169 381
1847.8525952238087
2
Fleet 207 on 6'th route
23 29 27 26 250 31 30 25 24 41 22 43 44 46 45 38 137 135 138 136 134 150 149 265 264 292 271 293 294 173 172 162 161 163 164 171 170 169 381
2771.778892835713
2
Fleet 208 on 6'th route
23 29 27 26 250 31 30 25 24 41 22 43 44 46 45 38 137 135 138 136 134 150 149 265 264 292 271 293 294 173 172 162 161 163 164 171 170 169 381
3695.7051904476175
2
Fleet 209 on 6'th route
23 29 27 26 250 31 30 25 24 41 22 43 44 46 45 38 137 135 138 136 134 150 149 265 264 292 271 293 294 173 172 162 161 163 164 171 170 169 381
4619.631488059522
2
Fleet 210 on 7'th route
151 152 267 153 154 380 270 269 268 374 372 373 375 266 166 168 177 175 176 178 278 279 276 141 275 274 273 149 131 125 182 179 47 239 234 288 198 199 382
0.0
3
Fleet 211 on 7'th route
151 152 267 153 154 380 270 269 268 374 372 373 375 266 166 168 177 175 176 178 278 279 276 141 275 274 273 149 131 125 182 179 47 239 234 288 198 199 382
896.6338661346454
3
Fleet 212 on 7'th route
151 152 267 153 154 380 270 269 268 374 372 373 375 266 166 168 177 175 176 178 278 279 276 141 275 274 273 149 131 125 182 179 47 239 234 288 198 199 382
1793.2677322692907
2
Fleet 213 on 7'th route
151 152 267 153 154 380 270 269 268 374 372 373 375 266 166 168 177 175 176 178 278 279 276 141 275 274 273 149 131 125 182 179 47 239 234 288 198 199 382
2689.901598403936
2
Fleet 214 on 8'th route
101 97 106 69 102 103 104 98 99 90 68 240 241 100 86 85 87 88 89 96 95 83 82 107 120 118 116 117 115 113 114 121 122 123 235 198 199 382
0.0
3
Fleet 215 on 8'th route
101 97 106 69 102 103 104 98 99 90 68 240 241 100 86 85 87 88 89 96 95 83 82 107 120 118 116 117 115 113 114 121 122 123 235 198 199 382
288.0174811647011
3
Fleet 216 on 8'th route
101 97 106 69 102 103 104 98 99 90 68 240 241 100 86 85 87 88 89 96 95 83 82 107 120 118 116 117 115 113 114 121 122 123 235 198 199 382
576.0349623294022
3
Fleet 217 on 8'th route
101 97 106 69 102 103 104 98 99 90 68 240 241 100 86 85 87 88 89 96 95 83 82 107 120 118 116 117 115 113 114 121 122 123 235 198 199 382
864.0524434941033
2
Fleet 218 on 8'th route
101 97 106 69 102 103 104 98 99 90 68 240 241 100 86 85 87 88 89 96 95 83 82 107 120 118 116 117 115 113 114 121 122 123 235 198 199 382
1152.0699246588044
2
Fleet 219 on 8'th route
101 97 106 69 102 103 104 98 99 90 68 240 241 100 86 85 87 88 89 96 95 83 82 107 120 118 116 117 115 113 114 121 122 123 235 198 199 382
1440.0874058235056
2
Fleet 220 on 8'th route
101 97 106 69 102 103 104 98 99 90 68 240 241 100 86 85 87 88 89 96 95 83 82 107 120 118 116 117 115 113 114 121 122 123 235 198 199 382
1728.1048869882068
2
Fleet 221 on 8'th route
101 97 106 69 102 103 104 98 99 90 68 240 241 100 86 85 87 88 89 96 95 83 82 107 120 118 116 117 115 113 114 121 122 123 235 198 199 382
2016.122368152908
2
Fleet 222 on 8'th route
101 97 106 69 102 103 104 98 99 90 68 240 241 100 86 85 87 88 89 96 95 83 82 107 120 118 116 117 115 113 114 121 122 123 235 198 199 382
2304.139849317609
2
Fleet 223 on 8'th route
101 97 106 69 102 103 104 98 99 90 68 240 241 100 86 85 87 88 89 96 95 83 82 107 120 118 116 117 115 113 114 121 122 123 235 198 199 382
2592.15733048231
2
Fleet 224 on 8'th route
101 97 106 69 102 103 104 98 99 90 68 240 241 100 86 85 87 88 89 96 95 83 82 107 120 118 116 117 115 113 114 121 122 123 235 198 199 382
2880.174811647011
2
Fleet 225 on 9'th route
9 10 21 250 31 27 25 24 249 248 17 16 14 13 77 76 102 69 70 71 74 244 245 246 247 40 75 62 56 50 57 239 234 288 198 199 382
0.0
4
Fleet 226 on 9'th route
9 10 21 250 31 27 25 24 249 248 17 16 14 13 77 76 102 69 70 71 74 244 245 246 247 40 75 62 56 50 57 239 234 288 198 199 382
280.363184515952
4
Fleet 227 on 9'th route
9 10 21 250 31 27 25 24 249 248 17 16 14 13 77 76 102 69 70 71 74 244 245 246 247 40 75 62 56 50 57 239 234 288 198 199 382
560.726369031904
4
Fleet 228 on 9'th route
9 10 21 250 31 27 25 24 249 248 17 16 14 13 77 76 102 69 70 71 74 244 245 246 247 40 75 62 56 50 57 239 234 288 198 199 382
841.089553547856
3
Fleet 229 on 9'th route
9 10 21 250 31 27 25 24 249 248 17 16 14 13 77 76 102 69 70 71 74 244 245 246 247 40 75 62 56 50 57 239 234 288 198 199 382
1121.452738063808
3
Fleet 230 on 9'th route
9 10 21 250 31 27 25 24 249 248 17 16 14 13 77 76 102 69 70 71 74 244 245 246 247 40 75 62 56 50 57 239 234 288 198 199 382
1401.8159225797601
3
Fleet 231 on 9'th route
9 10 21 250 31 27 25 24 249 248 17 16 14 13 77 76 102 69 70 71 74 244 245 246 247 40 75 62 56 50 57 239 234 288 198 199 382
1682.1791070957122
3
Fleet 232 on 9'th route
9 10 21 250 31 27 25 24 249 248 17 16 14 13 77 76 102 69 70 71 74 244 245 246 247 40 75 62 56 50 57 239 234 288 198 199 382
1962.5422916116643
3
Fleet 233 on 9'th route
9 10 21 250 31 27 25 24 249 248 17 16 14 13 77 76 102 69 70 71 74 244 245 246 247 40 75 62 56 50 57 239 234 288 198 199 382
2242.905476127616
3
Fleet 234 on 9'th route
9 10 21 250 31 27 25 24 249 248 17 16 14 13 77 76 102 69 70 71 74 244 245 246 247 40 75 62 56 50 57 239 234 288 198 199 382
2523.268660643568
3
Fleet 235 on 9'th route
9 10 21 250 31 27 25 24 249 248 17 16 14 13 77 76 102 69 70 71 74 244 245 246 247 40 75 62 56 50 57 239 234 288 198 199 382
2803.6318451595203
3
Fleet 236 on 9'th route
9 10 21 250 31 27 25 24 249 248 17 16 14 13 77 76 102 69 70 71 74 244 245 246 247 40 75 62 56 50 57 239 234 288 198 199 382
3083.9950296754723
3
Fleet 237 on 9'th route
9 10 21 250 31 27 25 24 249 248 17 16 14 13 77 76 102 69 70 71 74 244 245 246 247 40 75 62 56 50 57 239 234 288 198 199 382
3364.3582141914244
3
Fleet 238 on 9'th route
9 10 21 250 31 27 25 24 249 248 17 16 14 13 77 76 102 69 70 71 74 244 245 246 247 40 75 62 56 50 57 239 234 288 198 199 382
3644.7213987073765
3
Fleet 239 on 10'th route
18 15 11 12 79 103 104 98 99 90 68 54 67 64 56 50 48 47 179 189 298 296 295 339 340 341 336 332 334 329 328 304 299 382
0.0
3
Fleet 240 on 10'th route
18 15 11 12 79 103 104 98 99 90 68 54 67 64 56 50 48 47 179 189 298 296 295 339 340 341 336 332 334 329 328 304 299 382
595.1178415936636
3
Fleet 241 on 10'th route
18 15 11 12 79 103 104 98 99 90 68 54 67 64 56 50 48 47 179 189 298 296 295 339 340 341 336 332 334 329 328 304 299 382
1190.2356831873271
2
Fleet 242 on 10'th route
18 15 11 12 79 103 104 98 99 90 68 54 67 64 56 50 48 47 179 189 298 296 295 339 340 341 336 332 334 329 328 304 299 382
1785.3535247809907
2
Fleet 243 on 10'th route
18 15 11 12 79 103 104 98 99 90 68 54 67 64 56 50 48 47 179 189 298 296 295 339 340 341 336 332 334 329 328 304 299 382
2380.4713663746543
2
Fleet 244 on 10'th route
18 15 11 12 79 103 104 98 99 90 68 54 67 64 56 50 48 47 179 189 298 296 295 339 340 341 336 332 334 329 328 304 299 382
2975.589207968318
2
Fleet 245 on 11'th route
186 183 188 265 264 187 184 181 180 353 298 281 285 206 207 208 313 324 297 338 337 350 348 351 213 215 379 223 220 218 381
0.0
4
Fleet 246 on 11'th route
186 183 188 265 264 187 184 181 180 353 298 281 285 206 207 208 313 324 297 338 337 350 348 351 213 215 379 223 220 218 381
819.0546865714628
3
Fleet 247 on 11'th route
186 183 188 265 264 187 184 181 180 353 298 281 285 206 207 208 313 324 297 338 337 350 348 351 213 215 379 223 220 218 381
1638.1093731429255
3
Fleet 248 on 11'th route
186 183 188 265 264 187 184 181 180 353 298 281 285 206 207 208 313 324 297 338 337 350 348 351 213 215 379 223 220 218 381
2457.1640597143883
3
Fleet 249 on 11'th route
186 183 188 265 264 187 184 181 180 353 298 281 285 206 207 208 313 324 297 338 337 350 348 351 213 215 379 223 220 218 381
3276.218746285851
3
Fleet 250 on 12'th route
153 267 152 151 141 276 279 278 178 277 272 271 292 264 291 226 222 221 225 217 214 213 366 343 331 329 328 304 299 382
0.0
2
Fleet 251 on 12'th route
153 267 152 151 141 276 279 278 178 277 272 271 292 264 291 226 222 221 225 217 214 213 366 343 331 329 328 304 299 382
536.7095534621385
2
Fleet 252 on 12'th route
153 267 152 151 141 276 279 278 178 277 272 271 292 264 291 226 222 221 225 217 214 213 366 343 331 329 328 304 299 382
1073.419106924277
1
Fleet 253 on 12'th route
153 267 152 151 141 276 279 278 178 277 272 271 292 264 291 226 222 221 225 217 214 213 366 343 331 329 328 304 299 382
1610.1286603864155
1
Fleet 254 on 12'th route
153 267 152 151 141 276 279 278 178 277 272 271 292 264 291 226 222 221 225 217 214 213 366 343 331 329 328 304 299 382
2146.838213848554
1
Fleet 255 on 12'th route
153 267 152 151 141 276 279 278 178 277 272 271 292 264 291 226 222 221 225 217 214 213 366 343 331 329 328 304 299 382
2683.5477673106925
1
Fleet 256 on 13'th route
255 256 148 144 142 143 145 146 147 154 380 270 269 268 374 372 373 375 266 166 167 378 377 376 156 155 224 219 218 381
0.0
1
Fleet 257 on 14'th route
70 54 68 90 87 85 86 105 82 107 120 370 243 242 241 240 52 53 57 239 234 288 198 199 382
0.0
3
Fleet 258 on 14'th route
70 54 68 90 87 85 86 105 82 107 120 370 243 242 241 240 52 53 57 239 234 288 198 199 382
210.78232231574975
3
Fleet 259 on 14'th route
70 54 68 90 87 85 86 105 82 107 120 370 243 242 241 240 52 53 57 239 234 288 198 199 382
421.5646446314995
3
Fleet 260 on 14'th route
70 54 68 90 87 85 86 105 82 107 120 370 243 242 241 240 52 53 57 239 234 288 198 199 382
632.3469669472493
3
Fleet 261 on 14'th route
70 54 68 90 87 85 86 105 82 107 120 370 243 242 241 240 52 53 57 239 234 288 198 199 382
843.129289262999
3
Fleet 262 on 14'th route
70 54 68 90 87 85 86 105 82 107 120 370 243 242 241 240 52 53 57 239 234 288 198 199 382
1053.9116115787488
3
Fleet 263 on 14'th route
70 54 68 90 87 85 86 105 82 107 120 370 243 242 241 240 52 53 57 239 234 288 198 199 382
1264.6939338944985
3
Fleet 264 on 14'th route
70 54 68 90 87 85 86 105 82 107 120 370 243 242 241 240 52 53 57 239 234 288 198 199 382
1475.4762562102483
3
Fleet 265 on 14'th route
70 54 68 90 87 85 86 105 82 107 120 370 243 242 241 240 52 53 57 239 234 288 198 199 382
1686.258578525998
3
Fleet 266 on 14'th route
70 54 68 90 87 85 86 105 82 107 120 370 243 242 241 240 52 53 57 239 234 288 198 199 382
1897.0409008417478
3
Fleet 267 on 14'th route
70 54 68 90 87 85 86 105 82 107 120 370 243 242 241 240 52 53 57 239 234 288 198 199 382
2107.8232231574975
3
Fleet 268 on 14'th route
70 54 68 90 87 85 86 105 82 107 120 370 243 242 241 240 52 53 57 239 234 288 198 199 382
2318.6055454732473
3
Fleet 269 on 14'th route
70 54 68 90 87 85 86 105 82 107 120 370 243 242 241 240 52 53 57 239 234 288 198 199 382
2529.387867788997
3
Fleet 270 on 14'th route
70 54 68 90 87 85 86 105 82 107 120 370 243 242 241 240 52 53 57 239 234 288 198 199 382
2740.170190104747
3
Fleet 271 on 15'th route
192 283 284 285 281 298 353 358 359 360 361 362 363 349 348 351 213 215 379 223 220 218 381
0.0
2
Fleet 272 on 15'th route
192 283 284 285 281 298 353 358 359 360 361 362 363 349 348 351 213 215 379 223 220 218 381
420.9564908196328
2
Fleet 273 on 15'th route
192 283 284 285 281 298 353 358 359 360 361 362 363 349 348 351 213 215 379 223 220 218 381
841.9129816392656
1
Fleet 274 on 15'th route
192 283 284 285 281 298 353 358 359 360 361 362 363 349 348 351 213 215 379 223 220 218 381
1262.8694724588984
1
Fleet 275 on 15'th route
192 283 284 285 281 298 353 358 359 360 361 362 363 349 348 351 213 215 379 223 220 218 381
1683.8259632785312
1
Fleet 276 on 15'th route
192 283 284 285 281 298 353 358 359 360 361 362 363 349 348 351 213 215 379 223 220 218 381
2104.7824540981637
1
Fleet 277 on 15'th route
192 283 284 285 281 298 353 358 359 360 361 362 363 349 348 351 213 215 379 223 220 218 381
2525.7389449177963
1
Fleet 278 on 15'th route
192 283 284 285 281 298 353 358 359 360 361 362 363 349 348 351 213 215 379 223 220 218 381
2946.695435737429
1
Fleet 279 on 16'th route
5 4 2 0 1 254 26 27 25 24 247 63 60 61 56 50 57 239 234 288 198 199 382
0.0
2
Fleet 280 on 16'th route
5 4 2 0 1 254 26 27 25 24 247 63 60 61 56 50 57 239 234 288 198 199 382
288.3368510540421
2
Fleet 281 on 16'th route
5 4 2 0 1 254 26 27 25 24 247 63 60 61 56 50 57 239 234 288 198 199 382
576.6737021080842
2
Fleet 282 on 16'th route
5 4 2 0 1 254 26 27 25 24 247 63 60 61 56 50 57 239 234 288 198 199 382
865.0105531621263
2
Fleet 283 on 16'th route
5 4 2 0 1 254 26 27 25 24 247 63 60 61 56 50 57 239 234 288 198 199 382
1153.3474042161683
2
Fleet 284 on 16'th route
5 4 2 0 1 254 26 27 25 24 247 63 60 61 56 50 57 239 234 288 198 199 382
1441.6842552702105
2
Fleet 285 on 16'th route
5 4 2 0 1 254 26 27 25 24 247 63 60 61 56 50 57 239 234 288 198 199 382
1730.0211063242527
2
Fleet 286 on 16'th route
5 4 2 0 1 254 26 27 25 24 247 63 60 61 56 50 57 239 234 288 198 199 382
2018.357957378295
1
Fleet 287 on 16'th route
5 4 2 0 1 254 26 27 25 24 247 63 60 61 56 50 57 239 234 288 198 199 382
2306.694808432337
1
Fleet 288 on 16'th route
5 4 2 0 1 254 26 27 25 24 247 63 60 61 56 50 57 239 234 288 198 199 382
2595.0316594863793
1
Fleet 289 on 16'th route
5 4 2 0 1 254 26 27 25 24 247 63 60 61 56 50 57 239 234 288 198 199 382
2883.3685105404215
1
Fleet 290 on 16'th route
5 4 2 0 1 254 26 27 25 24 247 63 60 61 56 50 57 239 234 288 198 199 382
3171.7053615944637
1
Fleet 291 on 17'th route
306 305 301 300 302 311 312 314 315 316 321 320 329 331 343 366 368 379 223 220 218 381
0.0
2
Fleet 292 on 17'th route
306 305 301 300 302 311 312 314 315 316 321 320 329 331 343 366 368 379 223 220 218 381
1689.9309093963757
1
Fleet 293 on 18'th route
91 92 84 369 94 371 124 119 118 116 117 115 113 114 121 122 123 235 198 199 382
0.0
2
Fleet 294 on 18'th route
91 92 84 369 94 371 124 119 118 116 117 115 113 114 121 122 123 235 198 199 382
670.9794726989079
2
Fleet 295 on 18'th route
91 92 84 369 94 371 124 119 118 116 117 115 113 114 121 122 123 235 198 199 382
1341.9589453978158
2
Fleet 296 on 18'th route
91 92 84 369 94 371 124 119 118 116 117 115 113 114 121 122 123 235 198 199 382
2012.9384180967236
1
Fleet 297 on 19'th route
192 191 190 202 203 201 200 307 208 207 206 284 283 282 239 234 288 198 199 382
0.0
1
Fleet 298 on 19'th route
192 191 190 202 203 201 200 307 208 207 206 284 283 282 239 234 288 198 199 382
1032.8999247969916
1
Fleet 299 on 19'th route
192 191 190 202 203 201 200 307 208 207 206 284 283 282 239 234 288 198 199 382
2065.7998495939833
1
Fleet 300 on 20'th route
150 134 140 139 141 275 274 273 149 131 125 182 179 47 239 234 288 198 199 382
0.0
4
Fleet 301 on 20'th route
150 134 140 139 141 275 274 273 149 131 125 182 179 47 239 234 288 198 199 382
1605.517340453618
4
Fleet 302 on 21'th route
69 73 78 245 244 74 71 70 54 67 66 58 53 57 239 234 288 198 199 382
0.0
4
Fleet 303 on 21'th route
69 73 78 245 244 74 71 70 54 67 66 58 53 57 239 234 288 198 199 382
732.6114017160686
3
Fleet 304 on 21'th route
69 73 78 245 244 74 71 70 54 67 66 58 53 57 239 234 288 198 199 382
1465.2228034321372
3
Fleet 305 on 21'th route
69 73 78 245 244 74 71 70 54 67 66 58 53 57 239 234 288 198 199 382
2197.834205148206
3
Fleet 306 on 22'th route
163 161 162 172 173 228 227 229 231 230 159 160 165 174 164 171 170 169 381
0.0
1
Fleet 307 on 23'th route
204 205 211 210 209 208 313 324 297 338 337 367 343 331 329 328 304 299 382
0.0
1
Fleet 308 on 24'th route
210 211 205 204 192 191 193 194 195 196 197 287 286 290 289 288 198 199 382
0.0
1
Fleet 309 on 24'th route
210 211 205 204 192 191 193 194 195 196 197 287 286 290 289 288 198 199 382
1334.0399883595344
1
Fleet 310 on 25'th route
80 81 107 120 118 116 117 115 113 114 121 122 123 235 198 199 382
0.0
1
Fleet 311 on 25'th route
80 81 107 120 118 116 117 115 113 114 121 122 123 235 198 199 382
651.1436154446177
1
Fleet 312 on 25'th route
80 81 107 120 118 116 117 115 113 114 121 122 123 235 198 199 382
1302.2872308892354
1
Fleet 313 on 25'th route
80 81 107 120 118 116 117 115 113 114 121 122 123 235 198 199 382
1953.430846333853
1
Fleet 314 on 26'th route
211 210 209 208 313 324 297 338 337 367 343 331 329 328 304 299 382
0.0
1
Fleet 315 on 27'th route
305 301 300 302 311 312 314 315 316 319 318 326 327 304 299 382
0.0
2
Fleet 316 on 28'th route
289 290 286 287 197 111 238 237 236 233 232 234 288 198 199 382
0.0
1
Fleet 317 on 29'th route
323 322 310 309 308 297 338 337 367 343 331 329 328 304 299 382
0.0
1
Fleet 318 on 30'th route
333 342 343 364 365 347 335 344 330 329 328 304 299 382
0.0
1
Fleet 319 on 31'th route
156 155 212 159 230 231 229 227 157 158 171 170 169 381
0.0
1
Fleet 320 on 32'th route
318 319 316 321 320 329 328 346 317 303 299 382
0.0
1
Fleet 321 on 33'th route
304 327 326 318 325 345 328 346 317 303 299 382
0.0
1
Fleet 322 on 34'th route
111 109 112 113 114 121 122 123 235 198 199 382
0.0
1
