37050.780447070916 15.0 0.6339928057540561 
49074.5854538142 16.0 0.5035324341682723 
70210.3086699871 15.0 0.22800256904303148 
84179.52488640929 16.0 0.1708413615928067 
105930.77637339577 15.0 0.12780989081567115 
129724.11645571818 16.0 0.038535645472061654 
216082.30706536266 15.0 0.0 
68309.54472317088 16.0 0.20873474630700065 
80957.82807845427 17.0 0.12267180475272961 
88080.28681518685 15.0 0.18818240205523443 
92415.59874601002 16.0 0.07064868336544637 
41855.4788500027 15.0 0.5832476875632718 
58072.713389441844 15.0 0.23892100192678228 
84513.71821610005 16.0 0.1625128468650204 
211384.46216896945 17.0 0.0032113037893384713 
105809.42043780621 15.0 0.1278263082711388 
