33825.5427103404 15.0 0.691072575465639 
53310.38927971868 15.0 0.3025204094133894 
73616.04519572631 16.0 0.2672147995886294 
89843.42418130257 17.0 0.05073859987154785 
102867.65582208321 15.0 0.21001926782273603 
133007.88030513012 16.0 0.0 
147517.48697751446 15.0 0.0 
51830.757086566344 16.0 0.33397559409120103 
69475.60155863747 17.0 0.1727903372175783 
75554.22924580821 15.0 0.2652877703985096 
83668.02054132415 16.0 0.13230571612074501 
53310.38920426959 15.0 0.30254367635316803 
69475.60155863747 17.0 0.1727903372175783 
79410.05641866192 16.0 0.18882466281310212 
81435.00638512213 17.0 0.05523442517662171 
71461.90741309624 16.0 0.2691072575465639 
