36040.87989723828 15.0 0.6204238921001927 
63959.794646918424 16.0 0.21579961464354527 
83633.44089318886 15.0 0.25497752087347464 
106906.08214695635 16.0 0.04496468803328371 
117291.01159124865 15.0 0.10406191974579292 
199221.22504330447 16.0 0.0 
242170.64936985075 15.0 0.0 
61384.2541709881 16.0 0.33397559409120103 
76476.84799909938 16.0 0.09956320657759507 
114804.49029979114 15.0 0.24084778420038536 
149948.11067156456 16.0 0.03789825282631038 
39901.04688503532 15.0 0.5664739884393064 
63136.77056895753 15.0 0.32755298651252407 
106594.06396395894 16.0 0.05009633911368015 
117314.33613262625 15.0 0.10405960975205471 
76476.84799909938 16.0 0.09956320657759507 
