39916.02119460501 15.0 0.5311496467565832 
68700.03842302182 15.0 0.22992935131663456 
79776.07698652791 16.0 0.08607432652338931 
122082.76755107487 15.0 0.13937058445728967 
154386.1722792929 16.0 0.0 
170258.35655483603 15.0 3.424614630001704E-40 
60385.288579032676 16.0 0.24405908798972384 
75023.5810772376 16.0 0.1001926782273603 
79930.12790827108 15.0 0.1631545274433443 
94837.76337936967 16.0 0.038540595458634815 
43465.992292870906 15.0 0.5221579961464354 
146111.20428563788 16.0 6.422607578676942E-4 
170259.49591698954 15.0 4.398991175339376E-44 
54818.858496915454 16.0 0.2607578676942839 
77243.65163020893 16.0 0.08863198458574181 
94837.76337936967 16.0 0.038540595458634815 
