36703.625561978166 15.0 0.6095054592164418 
51609.45440463802 16.0 0.31213872832369943 
68804.49406232462 15.0 0.17341040462427745 
81044.47483555455 16.0 0.1111111111111111 
96118.4770610524 17.0 0.035324341682723186 
123505.97712523429 15.0 0.11046885035324341 
135536.41102390533 16.0 0.01862795477903392 
241424.1326981907 15.0 0.0 
61726.007861485894 16.0 0.2819886947584789 
66764.02848249936 16.0 0.18432883750802825 
81022.65767880644 18.0 0.10468850353243417 
91525.50199725715 16.0 0.046242774566473986 
80024.01662886146 16.0 0.15352259606995816 
44355.11912545407 15.0 0.5279383429672447 
64789.15603942741 16.0 0.21646555283718794 
57167.032502941984 16.0 0.29225232226557585 
