39737.78049503483 15.0 0.5375722543352601 
52912.246142338474 17.0 0.25822199383350464 
72761.44418371555 15.0 0.25305412656948706 
85882.02534825544 16.0 0.048175745118191164 
106471.39690925246 15.0 0.14966598150051386 
176510.8168427517 16.0 0.002569043031470777 
185151.65160048835 15.0 0.0 
59771.0681152331 16.0 0.2543352601156069 
70600.6720852957 16.0 0.1123956326268465 
124734.43169658148 16.0 0.046891223602455775 
47022.652482049794 15.0 0.5234425176621709 
52912.246142338474 17.0 0.25822199383350464 
73494.69071010308 15.0 0.20041101763655972 
145799.7413582856 17.0 0.026375343456880872 
106471.39690925246 15.0 0.14966598150051386 
81756.73061555623 16.0 0.09891434498973901 
