35785.88310854207 15.0 0.581888246628131 
56131.182132329275 16.0 0.4913294797687861 
77623.70316342392 15.0 0.2980472764645427 
96314.50246892993 16.0 0.030832476875642344 
130591.73442620771 15.0 0.1252408477842004 
205841.01958019313 16.0 0.0038535694649728877 
218308.72867223943 15.0 0.0 
67419.31131208797 16.0 0.27363823227132583 
78211.3382594417 16.0 0.1233140655105973 
77623.70316342392 15.0 0.2980472764645427 
205226.6437129987 16.0 0.0038540595464951794 
67419.31131208797 16.0 0.27363823227132583 
