36435.761078998075 15.0 0.6422607578676943 
47722.225881436345 16.0 0.45089501944725974 
57232.07818499004 17.0 0.24084778420038536 
72326.29830360941 15.0 0.2491971740526654 
76086.64882520035 16.0 0.12268682215997177 
100833.01577884996 17.0 0.03340185142181058 
102255.51633155027 15.0 0.11692421455019712 
157293.24980130143 16.0 0.008349389852280027 
230858.67732097962 15.0 0.0 
63772.9563100087 16.0 0.21772639691714837 
73604.08685708835 17.0 0.10020554819245053 
98118.7082841935 16.0 0.08220937700706486 
204073.2963736698 16.0 0.0 
47722.225881436345 16.0 0.45089501944725974 
60563.217315077934 15.0 0.37764932562620424 
88305.31109156719 16.0 0.08928480531496559 
