37522.48614534928 15.0 0.6685934489402697 
51796.00047218473 16.0 0.32113037893384716 
83647.58916705138 15.0 0.28580603725112397 
85181.50940439405 16.0 0.025048169556840076 
100001.74076078273 15.0 0.12202954399486192 
110167.38485201815 16.0 0.0 
231083.6390503912 15.0 0.0 
62348.53866627478 16.0 0.21836865767501606 
74080.31346907096 17.0 0.1169041646566056 
104741.01950841259 16.0 0.005781089414182939 
85181.39030586036 16.0 0.025051387461459407 
104744.20359036115 16.0 0.005781089414182938 
38748.746705645244 15.0 0.5574823378291587 
64057.48099625543 16.0 0.18948259852845148 
85643.77824317716 15.0 0.24341682723185612 
74080.31346907096 17.0 0.1169041646566056 
