41841.10797860473 15.0 0.5022479126525369 
50884.71270579758 16.0 0.45536287732819525 
69888.63183185534 15.0 0.2472703917790623 
83698.8296437204 16.0 0.04239465570400822 
145205.45788262232 15.0 0.15542710340398203 
161455.15817175768 16.0 0.0 
200467.71978434073 15.0 0.0 
60342.656309234735 16.0 0.2338129496400277 
75898.64607440867 16.0 0.08734746307000642 
132053.85840955956 16.0 0.03596660244059088 
56017.90053022517 15.0 0.4920349434728394 
69686.72730731088 15.0 0.24922893646650982 
118744.83442534608 17.0 0.0340398201669878 
130509.45721125354 15.0 0.20745022479126526 
68728.26690336726 16.0 0.13873376938416235 
141354.25383829008 16.0 0.012845215157353885 
