35655.78034682081 15.0 0.6249197174052665 
48135.706061097306 16.0 0.47212230215733125 
73182.83397383319 15.0 0.23057161207450225 
99583.29397065646 16.0 0.02761985367288012 
108362.98468217363 15.0 0.12975334018499488 
180214.5689507307 16.0 0.0 
232230.47134594925 15.0 0.0 
56081.48930388814 16.0 0.3249839434810533 
81377.77097939032 16.0 0.10983013742500615 
82824.70825836618 15.0 0.13938617891813718 
141989.04043999917 16.0 0.02119460500963391 
39190.799717368966 15.0 0.5697584789304208 
64918.90011440067 15.0 0.28261140055750605 
204056.56932400353 15.0 0.005138086062941554 
81377.7504283177 16.0 0.10984069751283558 
82824.70814392604 15.0 0.1393884889118713 
