[4, 3, 5][2, 5, 7][7, 14][1, 2][6, 14][6, 9][3, 11][10, 11][0, 1][10, 12][12, 13][7, 14][7, 14][8, 14][8, 14] 
[1, 2, 5, 7][3, 11][3, 4][1, 4][7, 9][7, 14][8, 14][0, 1][9, 10][6, 9][10, 12][12, 13][7, 14][7, 14][12, 13] 
[0, 1, 2, 5][3, 5, 14][3, 4][6, 9][8, 14][10, 12][10, 11][9, 10][12, 13][9, 10][3, 4][5, 7][3, 4][7, 9][10, 11] 
[0, 1, 2, 5, 7, 9, 13, 12][4, 3, 5, 14, 8][7, 14][10, 12][3, 11][6, 9][8, 14][9, 10][8, 14][7, 14][8, 14][1, 2][1, 4][10, 11][8, 14] 
[0, 1, 2, 5, 7, 9][1, 2, 5, 7, 9, 13][4, 3, 5][10, 12][12, 13][7, 14][8, 14][6, 9][3, 11][3, 11][9, 10][8, 14][8, 14][3, 11][7, 14] 
[0, 1, 2, 5, 7, 9, 13, 12][4, 3, 5, 14, 8][10, 11, 3, 5, 14][10, 12][10, 11][6, 14][8, 14][5, 14][12, 13][3, 4][8, 14][3, 4][6, 9][12, 13][8, 14] 
[0, 1, 2, 5, 7, 9, 13][1, 3, 11, 10, 12, 13, 9][0, 1, 2, 5, 14, 6, 9][4, 3, 5, 14, 8][2, 5, 7, 9][9, 6, 14][9, 10][10, 12][8, 14][7, 14][1, 3][3, 11][6, 9][10, 11][8, 14] 
[1, 2, 5, 7, 9][8, 14][7, 14][3, 4][9, 10][6, 9][0, 1][3, 11][10, 12][12, 13][8, 14][7, 14][3, 5][12, 13][12, 13] 
[1, 2, 5, 7, 9][4, 3, 5, 14, 8][6, 9][0, 1][9, 10][10, 11][10, 12][12, 13][8, 14][7, 14][8, 14][7, 14][3, 4][7, 14][7, 14] 
[0, 1, 2, 5, 7, 9, 13, 12][4, 3, 5, 14, 8][5, 3, 11, 10][10, 12][10, 11][6, 14][8, 14][5, 14][12, 13][3, 4][8, 14][3, 4][6, 9][12, 13][8, 14] 
[0, 1, 2, 5, 7, 9, 13, 12][4, 3, 5, 14, 8][7, 14][10, 12][3, 11][6, 9][8, 14][9, 10][8, 14][7, 14][8, 14][1, 2][1, 4][10, 11][8, 14] 
[0, 1, 2, 5, 7, 9, 13, 12][4, 3, 5, 14, 8][5, 3, 11, 10][10, 12][10, 11][6, 14][8, 14][5, 14][12, 13][3, 4][8, 14][3, 4][6, 9][12, 13][8, 14] 
[2, 5, 7][7, 14][1, 2][3, 5][0, 1][3, 4][6, 14][6, 9][3, 11][9, 10][10, 12][8, 14][12, 13][8, 14][8, 14] 
[1, 2, 5, 7, 9][4, 3, 5][10, 12][12, 13][0, 1][7, 14][8, 14][6, 9][3, 11][3, 11][9, 10][8, 14][8, 14][3, 11][7, 14] 
[0, 1, 2, 5][3, 5, 14][1, 4][5, 7][7, 9][6, 9][9, 10][10, 11][9, 12][12, 13][10, 12][6, 9][12, 13][10, 12][8, 14] 
[1, 2, 5, 7, 9][4, 3, 5, 14, 8][6, 9][0, 1][9, 10][10, 11][10, 12][12, 13][8, 14][7, 14][8, 14][7, 14][3, 4][7, 14][7, 14] 
