[5, 7][10, 11][6, 9][1, 4][2, 5][1, 2][0, 1][3, 11][10, 12][9, 10][1, 3][7, 14][12, 13][5, 14][8, 14] 
[2, 5, 7, 9][3, 11][1, 3][1, 4][0, 1][3, 5][10, 11][5, 14][8, 14][10, 12][12, 13][6, 9][5, 14][5, 14][3, 4] 
[11, 10, 9, 13, 12][1, 2, 5][7, 9, 12][5, 14][8, 14][1, 3][3, 4][5, 7][0, 1][6, 9][5, 14][1, 4][5, 14][9, 13][7, 14] 
[1, 2, 5, 7, 9][11, 10, 9, 13, 12][3, 5, 14, 8][1, 3, 5][3, 4][5, 14][0, 1][6, 9][8, 14][1, 4][3, 11][5, 14][12, 13][5, 14][7, 14] 
[0, 1, 2, 5, 7, 9, 10][0, 1, 2, 5, 7, 9, 10][5, 14][1, 4][8, 14][3, 4][9, 13][6, 9][10, 11][12, 13][5, 14][3, 4][9, 13][5, 14][3, 4] 
[4, 3, 5, 14, 6, 9, 12][0, 1, 2, 5, 7, 9, 10][8, 14, 5, 2, 1, 3, 11][1, 2][9, 10][9, 13][10, 11][8, 14][8, 14][5, 14][8, 14][1, 3][9, 13][5, 14][8, 14] 
[0, 1, 2, 5, 7, 9, 10][4, 3, 5, 14, 6, 9, 12][0, 1, 2, 5, 7, 9, 10][8, 14, 5, 2, 1, 3, 11][1, 2][9, 13][10, 11][8, 14][8, 14][5, 14][8, 14][1, 3][9, 13][5, 14][8, 14] 
[2, 5, 7, 9][1, 3, 5][10, 9, 13][3, 4][5, 14][0, 1][6, 9][8, 14][1, 4][8, 14][3, 11][5, 14][12, 13][5, 14][7, 14] 
[1, 2, 5, 7, 9][11, 10, 9, 13][1, 3][5, 14][8, 14][1, 4][0, 1][6, 9][5, 14][12, 13][1, 4][5, 14][5, 14][7, 14][7, 14] 
[0, 1, 2, 5, 7, 9, 10][3, 5, 14, 8][10, 9, 13][3, 11][10, 11][1, 4][9, 13][12, 13][6, 9][3, 4][7, 14][3, 4][5, 14][1, 4][3, 4] 
[11, 10, 9, 13][3, 5][3, 4][1, 2][5, 14][0, 1][6, 9][8, 14][1, 4][8, 14][3, 11][5, 14][12, 13][5, 14][7, 14] 
[11, 10, 9, 13, 12][1, 2, 5][5, 14][8, 14][1, 3][3, 4][5, 7][0, 1][7, 9][6, 9][5, 14][1, 4][5, 14][9, 13][7, 14] 
[4, 3, 5, 14, 6, 9, 12][0, 1, 2, 5, 7][1, 2][9, 10][9, 13][10, 11][8, 14][8, 14][5, 14][8, 14][1, 3][9, 13][5, 14][8, 14][3, 11] 
[11, 10, 9, 13, 12][11, 10, 9, 13, 12][3, 5, 14, 8][1, 2, 5][7, 9][7, 14][6, 9][0, 1][1, 4][6, 9][3, 11][5, 14][5, 14][7, 14][5, 7] 
[1, 2, 5, 7, 9][10, 9, 13][1, 3][3, 4][5, 14][0, 1][6, 9][8, 14][1, 4][8, 14][3, 11][5, 14][12, 13][5, 14][7, 14] 
[4, 3, 5, 14, 6, 9, 12][0, 1, 2, 5, 7, 9, 10][1, 2][9, 10][9, 13][10, 11][8, 14][8, 14][5, 14][8, 14][1, 3][9, 13][5, 14][8, 14][3, 11] 
