[12, 13][10, 12][10, 11][3, 11][9, 13][6, 9][6, 14][1, 3][8, 14][0, 1][7, 14][5, 14][1, 2][3, 4][5, 7] 
[2, 5, 7, 9][9, 13][7, 14][1, 3][6, 9][3, 4][3, 11][8, 14][10, 11][10, 12][0, 1][1, 4][12, 13][7, 14][8, 14] 
[2, 5, 7, 9][10, 12, 13][0, 1][1, 2][6, 9][9, 10][10, 11][1, 4][7, 14][3, 4][8, 14][7, 14][8, 14][8, 14][1, 3] 
[1, 2, 5, 7][5, 14, 8][5, 14, 6][0, 1][1, 3][1, 4][3, 11][10, 11][9, 10][9, 13][6, 9][3, 11][10, 12][8, 14][3, 4] 
[1, 2, 5, 7, 9][5, 14, 8][1, 3][9, 13][1, 4][3, 11][7, 14][6, 9][9, 10][0, 1][10, 12][8, 14][8, 14][1, 3][3, 4] 
[4, 3, 11, 10, 9, 13, 12][1, 2, 5, 7, 9][5, 14, 8][1, 3][9, 13][1, 4][3, 11][7, 14][6, 9][0, 1][10, 12][8, 14][8, 14][1, 3][3, 4] 
[8, 14, 7, 9, 12, 13][7, 9, 12, 10][1, 2, 5, 7][5, 14, 6][10, 11][3, 11][1, 3][1, 4][5, 14][0, 1][8, 14][9, 10][9, 13][6, 9][0, 1] 
[3, 1, 2, 5, 7, 14, 6, 9][0, 1, 2, 5, 7, 9, 10, 12][1, 4, 3, 5][6, 14][9, 13][8, 14][10, 11][3, 5][6, 14][10, 11][3, 11][3, 11][1, 4][12, 13][7, 9] 
[0, 1, 3, 5, 7, 9, 13, 12][3, 11, 10, 12, 9, 6, 14, 7][2, 1, 3, 5, 14, 8][1, 2, 5, 7, 9][5, 14, 6, 9][1, 2, 5, 14][0, 1, 4][9, 10][10, 12][10, 11][3, 11][3, 4][8, 14][10, 11][6, 9] 
[1, 2, 5, 7, 9][9, 13][7, 14][1, 3][6, 9][3, 4][3, 11][8, 14][10, 11][10, 12][0, 1][1, 4][12, 13][7, 14][8, 14] 
[1, 2, 5, 7, 9][9, 10][10, 12][7, 14][1, 3][8, 14][9, 13][1, 4][0, 1][10, 11][6, 9][5, 14][3, 4][3, 4][8, 14] 
[1, 2, 5, 7, 9][11, 10, 12, 9, 13][10, 11][10, 12][9, 10][5, 14][0, 1][6, 9][8, 14][1, 4][3, 4][1, 4][8, 14][1, 3][3, 4] 
[0, 1, 3, 5, 7, 9, 13, 12][3, 11, 10, 12, 9, 6, 14, 7][2, 1, 3, 5, 14, 8][5, 14, 6, 9][1, 2, 5, 14][9, 10][7, 9][10, 12][1, 4][10, 11][3, 11][3, 4][8, 14][10, 11][6, 9] 
[2, 5, 7, 9][9, 13][7, 14][1, 3][6, 9][3, 4][3, 11][8, 14][10, 11][10, 12][0, 1][1, 4][12, 13][7, 14][8, 14] 
[6, 9][5, 7][3, 11][3, 4][9, 10][8, 14][9, 10][10, 11][2, 5][10, 12][9, 13][1, 4][0, 1][7, 9][5, 14] 
[1, 2, 5, 7, 9][12, 9, 13][10, 11][10, 12][9, 10][5, 14][0, 1][6, 9][8, 14][1, 4][3, 4][1, 4][8, 14][1, 3][3, 4] 
