[9, 13][6, 9][12, 13][10, 12][6, 14][7, 14][5, 7][1, 3][3, 11][8, 14][3, 4][1, 2][0, 1][3, 11][2, 5] 
[1, 3, 11, 10][6, 9][12, 13][1, 2][6, 14][8, 14][9, 10][3, 4][3, 11][0, 1][10, 12][7, 14][7, 14][8, 14][2, 5] 
[0, 1, 2, 5, 14, 6][7, 9][9, 10][1, 4][8, 14][3, 5][10, 11][9, 12][9, 13][3, 11][7, 14][3, 11][3, 4][3, 4][5, 7] 
[4, 1, 2, 5, 14, 8][1, 2, 5, 7, 9][1, 3, 11, 10][6, 9, 13][12, 13][6, 14][8, 14][9, 10][3, 4][3, 11][0, 1][10, 12][7, 14][7, 14][2, 5] 
[0, 1, 2, 5, 14, 6][4, 1, 2, 5, 14, 8][1, 3, 11, 10][10, 9, 13][1, 3, 5][5, 7][7, 14][1, 4][7, 9][10, 12][3, 4][3, 5][7, 14][9, 12][7, 14] 
[0, 1, 2, 5, 14, 6, 9][4, 3, 11, 10, 9, 7, 14][0, 1, 2, 5, 14, 6, 9][8, 14][3, 5][9, 12][9, 13][10, 12][1, 2][10, 12][7, 14][10, 12][1, 4][1, 4][10, 12] 
[3, 11, 10, 12, 9, 6, 14, 8][1, 2, 5, 7, 9][3, 11, 10, 9, 13][1, 2, 5, 7, 9][0, 1, 4, 3][0, 1, 2, 5][3, 11, 10][3, 4][12, 13][0, 1][3, 11][1, 2][2, 5][8, 14][8, 14] 
[5, 7, 9][10, 12][9, 13][3, 4][6, 9][0, 1][6, 14][8, 14][3, 11][3, 4][8, 14][2, 5][9, 10][10, 11][1, 2] 
[1, 2, 5, 7, 9][1, 3, 11, 10][6, 9, 13][12, 13][6, 14][8, 14][9, 10][3, 4][3, 11][0, 1][10, 12][7, 14][7, 14][8, 14][2, 5] 
[0, 1, 2, 5, 14, 6][1, 3, 11, 10][10, 9, 13][5, 7][7, 14][1, 4][8, 14][7, 9][10, 12][3, 4][3, 5][7, 14][9, 12][7, 14][1, 4] 
[2, 1, 4, 3, 5, 7, 9, 10][3, 11, 10, 9, 6, 14, 8][12, 13, 9, 6, 14][10, 12][0, 1][8, 14][3, 11][3, 11][7, 14][3, 11][8, 14][12, 13][8, 14][3, 11][3, 11] 
[6, 9][12, 13][1, 2][6, 14][5, 7][9, 10][1, 3][3, 4][3, 11][0, 1][10, 12][7, 14][7, 14][8, 14][2, 5] 
[0, 1, 2, 5, 14, 6][5, 7][7, 14][3, 11][1, 4][8, 14][7, 9][10, 12][9, 13][3, 4][3, 5][7, 14][9, 12][7, 14][1, 3] 
[3, 11, 10, 9, 6, 14, 8][2, 1, 3, 5, 7, 9, 10][1, 2, 5, 7, 9][3, 11, 10, 9, 13][0, 1, 3][0, 1, 3][3, 11][10, 12][12, 13][10, 12][1, 2][8, 14][3, 11][8, 14][3, 4] 
[1, 2, 5, 7, 9][1, 3, 11, 10][6, 9, 13][12, 13][6, 14][8, 14][9, 10][3, 4][3, 11][0, 1][10, 12][7, 14][7, 14][8, 14][2, 5] 
[0, 1, 2, 5, 14, 6][1, 3, 11, 10][10, 9, 13][5, 7][7, 14][1, 4][8, 14][7, 9][10, 12][3, 4][3, 5][7, 14][9, 12][7, 14][1, 4] 
