36995.626310673964 15.0 0.6583926099722928 
68976.14729830818 15.0 0.24986204165727918 
81448.80732194653 16.0 0.16700925026239583 
89186.56804673228 17.0 0.08028977297730971 
121702.4497962735 15.0 0.11564043575555955 
133676.03117716464 16.0 0.01477331788311786 
201825.07737750353 15.0 0.0 
61224.57419275691 17.0 0.3378291586384072 
77926.87296316495 17.0 0.14773994204256857 
85153.66135547939 16.0 0.09956320657759507 
36995.62644349861 15.0 0.6583201751687722 
68978.3138395079 15.0 0.24985428907331478 
79730.62170754047 16.0 0.19655324512430977 
188629.66787382745 15.0 0.02449048074630344 
68514.72085378572 16.0 0.2761721258831085 
85153.66135547939 16.0 0.09956320657759507 
