40895.786890716045 15.0 0.5703806097530663 
51492.218734207134 16.0 0.41304692762008816 
55921.026407273035 17.0 0.30254771683931814 
76785.23618916053 15.0 0.2594921585440153 
84127.0474596825 16.0 0.06359074605932145 
125014.54527637825 15.0 0.12011819159590068 
179755.88553488214 16.0 0.0 
214380.2796774701 15.0 1.4198965450176136E-172 
67851.50425428402 16.0 0.2524409044193217 
82973.56259042767 16.0 0.13810108017957493 
111922.09288142274 16.0 0.03854059650787928 
40895.786890716045 15.0 0.5703806097530663 
72343.87501873237 15.0 0.30059346412223453 
84127.03389048863 16.0 0.06359198339705323 
166697.320786046 16.0 0.0077803957109509395 
489535.5981717365 15.0 0.0 
