34809.370931625264 15.0 0.5934489402697495 
48835.71930141634 16.0 0.4187540141297367 
68282.95984751459 15.0 0.21388677836146877 
86226.54743255358 16.0 0.04367843462637007 
106997.4843236417 15.0 0.1085695440344669 
176792.45883818684 16.0 0.0 
199406.0514050616 15.0 1.208404128561234E-20 
67362.13289897282 16.0 0.1849948612537914 
76485.9070824342 16.0 0.15542817843415077 
82475.06568327892 15.0 0.1760069218726219 
82168.6447235318 16.0 0.0969867376441683 
36969.380676943074 15.0 0.5915981410107367 
134898.79639794494 16.0 0.027620769840031135 
259823.44100602105 15.0 1.5522211028403776E-24 
67362.13289897282 16.0 0.1849948612537914 
82166.56954827004 16.0 0.09699383259314633 
