38318.17849109287 15.0 0.5876725620114464 
79429.10455448799 15.0 0.302543921849612 
109074.59825689519 16.0 0.031474820970517174 
114887.76295908357 15.0 0.08350462644012528 
172449.98775595162 16.0 0.0 
216926.22253988494 15.0 3.751650156892616E-25 
60666.51999828708 16.0 0.2633607399790638 
81413.58641967877 16.0 0.08157759424011017 
149160.65292226092 16.0 0.030895259109957607 
38318.17849109287 15.0 0.5876725620114464 
84834.57607554467 15.0 0.25690430314707774 
109074.61583728497 16.0 0.03147482014399108 
240389.6748372033 15.0 0.0 
64074.35872134183 16.0 0.24663267150830043 
81413.58648014149 16.0 0.08157115925767122 
109074.61743963654 16.0 0.031474820143884905 
