35985.77735788339 15.0 0.6313502496258601 
48855.58760121462 16.0 0.438746762399407 
62820.45776487071 17.0 0.3012589928057554 
82566.1208933375 15.0 0.26849948612538543 
91572.60252066661 16.0 0.06680237993272804 
115535.81912639554 15.0 0.13360739979445016 
189528.43757128267 16.0 0.0 
229747.6887216985 15.0 5.885587944048481E-25 
62829.97290817958 16.0 0.3590801216136672 
83533.61731290688 16.0 0.12845900117441983 
90510.0891906251 15.0 0.1695786228160329 
123233.3754007966 16.0 0.05334460308892805 
36923.72765441224 15.0 0.6127554603715871 
72284.00921961317 15.0 0.28263120056739055 
143065.49241520118 17.0 0.03468208092485549 
306104.7729038172 15.0 7.560164346883084E-29 
