39044.794044037146 15.0 0.5556285678575097 
60055.08308928721 16.0 0.19270528728690825 
85380.77828199114 18.0 0.07322639008150938 
74704.97351332247 15.0 0.2395732464400074 
85748.5283717583 16.0 0.023133846349840028 
124201.73163039821 15.0 0.10725754656390495 
219197.64850105025 15.0 0.0 
57869.31092583178 16.0 0.25436661405807337 
75583.81069157101 16.0 0.09699383350462487 
151878.07258592563 16.0 0.0 
42926.36740058826 15.0 0.5222250687824609 
107100.66600840192 16.0 0.019274341193319056 
198694.81175343235 15.0 0.003213779619934916 
72264.15024476642 16.0 0.13102416619734744 
52373.87062629969 16.0 0.4071933204881182 
59905.67931701009 16.0 0.20041109969169701 
