[0, 1, 4][6, 9][10, 11][7, 14][8, 14][2, 5][3, 11][12, 13][9, 13][8, 14][8, 14][1, 2][1, 3][5, 7][10, 12] 
[5, 7, 9][0, 1, 4][8, 14][5, 14][6, 9][2, 5][1, 2][1, 3][9, 13][12, 13][10, 12][3, 11][8, 14][8, 14][8, 14] 
[1, 2, 5, 3, 4][9, 6, 14][1, 3][3, 11][10, 11][0, 1][10, 12][12, 13][7, 9][9, 13][5, 7][7, 14][8, 14][1, 2][9, 10] 
[1, 2, 5, 7, 9, 10][5, 14, 8][0, 1, 4][6, 9][10, 11][8, 14][2, 5][3, 11][12, 13][9, 13][8, 14][8, 14][1, 3][5, 7][10, 12] 
[3, 11, 10, 12, 9, 13][1, 2, 5, 3, 4][9, 6, 14][1, 3][3, 11][10, 11][0, 1][10, 12][12, 13][7, 9][5, 7][7, 14][8, 14][1, 2][9, 10] 
[1, 2, 5, 7, 9, 6, 14, 8][4, 3, 5, 7, 9, 10][1, 3, 11, 10, 12, 13][0, 1, 4][2, 5, 14][10, 12][3, 11][5, 14][2, 5][8, 14][9, 13][5, 7][3, 11][8, 14][1, 2] 
[4, 1, 3, 11, 10, 12, 13][6, 14, 5, 7, 9, 12, 13][1, 2, 5, 7, 14, 8][1, 3, 5, 14, 6, 9][7, 9, 6, 14, 8][9, 13, 12, 10][9, 10, 11][3, 4][3, 11][5, 7][1, 3][5, 14][2, 5][0, 1][10, 11] 
[2, 5, 7, 9, 12][10, 12, 13][4, 3, 5][10, 11][9, 13][6, 9][1, 2][1, 3][5, 14][8, 14][3, 11][5, 14][8, 14][5, 14][0, 1] 
[2, 5, 7, 9, 12][4, 1, 3, 5][10, 12, 13][10, 11][9, 13][6, 9][1, 2][1, 3][5, 14][8, 14][3, 11][5, 14][8, 14][5, 14][0, 1] 
[1, 2, 5, 3, 4][11, 10, 9, 12, 13][9, 6, 14][1, 3][3, 11][10, 11][0, 1][10, 12][12, 13][7, 9][9, 13][5, 7][7, 14][8, 14][1, 2] 
[1, 2, 5, 7, 9, 10][5, 14, 8][0, 1, 4][6, 9][10, 11][8, 14][2, 5][3, 11][12, 13][9, 13][8, 14][8, 14][3, 4][5, 7][10, 12] 
[0, 1, 4][6, 9][10, 11][5, 14][8, 14][2, 5][3, 11][12, 13][9, 13][8, 14][8, 14][1, 2][1, 3][5, 7][10, 12] 
[1, 2, 5, 7, 9, 13, 12, 10][3, 1, 2, 5, 14, 8][0, 1, 4][6, 9][10, 11][5, 14][8, 14][2, 5][3, 11][12, 13][9, 13][8, 14][8, 14][1, 3][10, 12] 
[4, 1, 3, 11, 10, 12, 13][6, 14, 5, 7, 9, 12, 13][3, 11, 10, 12, 13, 9][1, 2, 5, 7, 14, 8][1, 3, 5, 14, 6, 9][0, 1, 4, 3, 5, 2][7, 9, 6, 14, 8][9, 13, 12, 10][9, 10, 11][3, 4][5, 7][1, 3][5, 14][2, 5][10, 11] 
[2, 5, 7, 9, 12][10, 12, 13][4, 3, 5][10, 11][9, 13][6, 9][1, 2][1, 3][5, 14][8, 14][3, 11][5, 14][8, 14][5, 14][0, 1] 
[1, 2, 5, 7, 9, 10][5, 14, 8][0, 1, 4][6, 9][10, 11][8, 14][2, 5][3, 11][12, 13][9, 13][8, 14][8, 14][3, 4][5, 7][10, 12] 
