[5, 7, 14][1, 2][8, 14][6, 9][1, 4][2, 5][12, 13][3, 4][10, 11][9, 13][3, 11][0, 1][8, 14][1, 3][10, 12] 
[13, 9, 7, 14][6, 14, 8][1, 2][3, 5][6, 9][9, 12][2, 5][7, 9][10, 11][3, 4][0, 1][8, 14][9, 10][5, 7][10, 12] 
[1, 3, 5, 14, 6, 9][1, 4, 3, 5, 7, 9][1, 2][8, 14][9, 12][2, 5][12, 13][10, 11][8, 14][3, 11][0, 1][8, 14][9, 10][7, 14][10, 12] 
[4, 3, 5, 14, 6, 9][1, 4, 3, 5][7, 9, 13][5, 7, 9][1, 2][9, 12][2, 5][10, 11][8, 14][3, 4][0, 1][8, 14][9, 10][7, 14][10, 12] 
[0, 1, 2, 5, 14, 6, 9][11, 10, 12, 13, 9, 7, 14][7, 5, 2, 1, 3, 11][4, 3, 5, 7][7, 14, 8][8, 14][3, 5][9, 10][7, 14][3, 5][6, 9][7, 9][9, 12][3, 11][1, 2] 
[0, 1, 4, 3, 5, 14, 6, 9][6, 14, 7, 9, 13, 12, 10, 11][7, 5, 2, 1, 3, 11, 10][1, 2, 5, 7, 14, 8][5, 7, 9][1, 2][3, 5][9, 12][2, 5][10, 11][8, 14][3, 4][0, 1][9, 10][10, 12] 
[5, 7, 9][1, 2][3, 5][6, 9][9, 12][2, 5][9, 13][10, 11][8, 14][3, 4][0, 1][8, 14][9, 10][7, 14][10, 12] 
[1, 4, 3, 5, 7, 9][1, 2][8, 14][6, 9][9, 12][2, 5][12, 13][10, 11][8, 14][3, 11][0, 1][8, 14][9, 10][7, 14][10, 12] 
[4, 1, 2, 5, 7, 9, 12, 13][5, 7, 14, 6, 9, 10, 12, 13][2, 5, 7][7, 14, 8][1, 2][8, 14][6, 9][12, 13][3, 4][10, 11][9, 13][3, 11][0, 1][1, 3][10, 12] 
[5, 7, 14][1, 2][8, 14][6, 9][1, 4][2, 5][12, 13][3, 4][10, 11][9, 13][3, 11][0, 1][8, 14][1, 3][10, 12] 
[1, 4, 3, 5, 14, 6][9, 10][10, 11][10, 12][8, 14][1, 2][12, 13][7, 9][5, 7][3, 5][0, 1][8, 14][5, 7][9, 12][1, 2] 
[1, 3, 5, 14, 6, 9][1, 4, 3, 5, 7, 9][1, 2][8, 14][9, 12][2, 5][12, 13][10, 11][8, 14][3, 11][0, 1][8, 14][9, 10][7, 14][10, 12] 
[4, 1, 3, 5, 7, 14, 6, 9][0, 1, 2, 5, 14, 6, 9][11, 10, 12, 13, 9, 7, 14][7, 5, 2, 1, 3, 11][8, 14, 7, 5, 3, 11][4, 3, 5, 7][8, 14][9, 10][7, 14][3, 5][6, 9][7, 9][9, 12][3, 11][1, 2] 
[1, 2, 5, 7][3, 5][6, 9][9, 12][2, 5][12, 13][7, 9][10, 11][8, 14][3, 4][0, 1][8, 14][9, 10][7, 14][10, 12] 
[1, 4, 3, 5, 7, 9][1, 2][8, 14][6, 9][9, 12][2, 5][12, 13][10, 11][8, 14][3, 11][0, 1][8, 14][9, 10][7, 14][10, 12] 
[1, 3, 5, 14, 6, 9][1, 4, 3, 5, 7, 9][1, 2][8, 14][9, 12][2, 5][12, 13][10, 11][8, 14][3, 11][0, 1][8, 14][9, 10][7, 14][10, 12] 
