39630.889531149645 15.0 0.548490687219011 
51665.50777733179 16.0 0.41040462427745666 
52169.23148538743 17.0 0.34296724470134876 
76428.65527757924 15.0 0.2607911202653797 
85458.86911526749 16.0 0.02697841726618706 
112472.0026800016 15.0 0.11303789338471419 
128730.56217792167 16.0 0.007707129094412331 
150615.42441634278 15.0 1.3413561258969535E-106 
57163.32277882115 16.0 0.27874116891457934 
66917.71625929023 16.0 0.11817597944765575 
110792.10739523085 16.0 0.02697495183044316 
39888.93617256883 15.0 0.5099550417469493 
85458.86912050819 16.0 0.026978417266187053 
192334.22972846555 15.0 0.0 
64739.45653273731 16.0 0.24213230571612074 
69053.5085897569 17.0 0.10404624277456648 
