35373.30443159923 15.0 0.6801541425818882 
45620.75064368578 16.0 0.4399534866261675 
60130.224838876886 17.0 0.224791265253693 
58936.46608060373 15.0 0.2524084778420039 
71190.70435541893 16.0 0.16313423249839434 
106074.0389716396 18.0 0.07450224791265253 
91524.64900552659 15.0 0.1663669078945022 
128545.09848880778 16.0 0.01605858170606372 
192609.88621822617 15.0 0.0 
54412.766192233306 16.0 0.23635773462155132 
65537.49511241447 17.0 0.14322414900449582 
87110.31740027934 15.0 0.2363519588953115 
84706.90119281554 16.0 0.0899165061014772 
161316.47037600348 15.0 0.023121387283236993 
51747.05222392381 16.0 0.4168272318561336 
55741.05624956544 15.0 0.48041104688503533 
