34233.75633955661 15.0 0.5973025048169557 
62773.74368344759 16.0 0.21965317919075145 
71715.52624198374 15.0 0.27553324761606585 
105991.3326569977 16.0 0.07579650565262076 
119789.43940982768 15.0 0.13746525212550362 
181026.04250745644 16.0 0.0 
224172.4976467443 15.0 0.0 
62329.12905272811 16.0 0.2800616649537513 
69653.51151774192 16.0 0.11817639194653685 
126594.19827161459 16.0 0.04367934224049333 
41204.51986600052 15.0 0.5382836587863505 
71312.21723166983 15.0 0.2755652579637272 
105996.6498330504 16.0 0.07579650565262075 
152833.76038900492 15.0 0.13489076637697286 
222165.20045715437 15.0 0.026332691072575465 
62329.12905272811 16.0 0.2800616649537513 
