35024.673492554255 15.0 0.6840077071290944 
56011.38509445328 16.0 0.26396917148362237 
68258.3714994355 15.0 0.25690430314707774 
102944.84805064999 16.0 0.026332691072575465 
116326.3221958249 15.0 0.14773895169578624 
197037.75432970177 16.0 0.0 
200952.16691704793 15.0 0.0 
44510.413169345724 16.0 0.4797687861271676 
71442.06725296807 16.0 0.10597302504816955 
42318.320261605404 15.0 0.667396789686208 
72808.98693058745 15.0 0.21901091843288376 
101817.3414280529 16.0 0.041109969168452845 
177860.90218838208 16.0 0.014771997430956968 
198093.02551377114 15.0 0.01670092497430627 
44470.920375912225 16.0 0.4797740740290092 
56987.494471178936 15.0 0.3166345536287733 
