35125.91201027617 15.0 0.5658317276814386 
54623.558842926584 17.0 0.3397559409120103 
69054.17832815507 15.0 0.1920359666024406 
96324.41834083952 16.0 0.04881808838643369 
105207.1048113036 15.0 0.1567116249197174 
225962.02941559523 16.0 0.0 
237007.23654928472 15.0 0.0 
58113.0347988442 16.0 0.328838910704632 
85699.94740339064 16.0 0.1091983556012333 
121822.22660685245 16.0 0.03917790622992935 
45056.10789980732 15.0 0.4881181759794477 
63850.12294551835 15.0 0.24470134874759153 
166262.66816175586 15.0 0.10533076429030186 
194070.8188593967 16.0 0.0012845215157353885 
58113.03479100672 16.0 0.3288797480938606 
92882.55420563818 16.0 0.10340398201669879 
