36555.70006422608 15.0 0.682723185613359 
60591.16345734432 16.0 0.24470299895508862 
69890.42323903512 15.0 0.26332691072575465 
106461.18493466002 16.0 0.026978417266187053 
117293.46963636187 15.0 0.14003083247687564 
205994.68651219472 16.0 6.422607578676942E-4 
233949.30318127607 15.0 0.0 
53706.56389359203 16.0 0.5183373490099408 
71226.8722516397 16.0 0.09827678754573038 
94957.41818318401 15.0 0.18756423432682426 
158028.4778974123 16.0 0.023766703118891785 
106461.18493466002 16.0 0.026978417266187053 
94572.0514605865 15.0 0.25626204238921 
39274.887351856785 15.0 0.6230729701939518 
71226.8722771884 16.0 0.09827373343249807 
158096.6851312633 16.0 0.02376670092525612 
