[2, 5, 7][6, 9][6, 14][3, 4][9, 13][10, 12][8, 14][0, 1][10, 11][1, 2][8, 14][6, 14][12, 13][3, 11][3, 5] 
[2, 5, 7, 9][4, 3, 5][6, 9][1, 2][9, 10][9, 13][7, 14][8, 14][0, 1][12, 13][1, 2][8, 14][8, 14][10, 11][7, 14] 
[6, 9, 12, 13][1, 2, 5][9, 10][7, 9][3, 5][10, 11][8, 14][5, 14][5, 7][8, 14][10, 12][3, 4][0, 1][10, 12][10, 12] 
[1, 2, 5, 7, 9][3, 11, 10, 12, 13][12, 9, 6, 14][4, 3, 5][6, 14][8, 14][0, 1][12, 13][8, 14][8, 14][9, 13][12, 13][5, 7][8, 14][8, 14] 
[3, 11, 10, 12, 13][12, 9, 6, 14][2, 1, 4, 3][4, 3, 5][1, 2, 5][5, 14][8, 14][5, 7][10, 12][9, 13][0, 1][0, 1][5, 14][8, 14][7, 9] 
[0, 1, 2, 5, 7, 9][4, 3, 5, 14, 8][3, 11, 10, 12, 13][12, 9, 6, 14][9, 10, 11][6, 14][9, 13][10, 12][9, 13][10, 12][9, 10][9, 13][0, 1][10, 12][8, 14] 
[0, 1, 2, 5, 7, 9][6, 14, 7, 9, 10, 11][5, 14, 6, 9, 12, 13][0, 1, 2, 5, 7, 9][4, 3, 5, 14, 8][9, 10][10, 12][3, 11][6, 9][9, 13][10, 12][9, 13][7, 14][10, 12][9, 13] 
[1, 2, 5, 7, 9][6, 9, 12, 13][10, 11][3, 11][3, 4][7, 14][8, 14][0, 1][3, 5][9, 13][8, 14][12, 13][7, 14][8, 14][8, 14] 
[1, 2, 5, 7, 9][4, 3, 5][9, 12][9, 10][7, 14][8, 14][6, 9][9, 13][0, 1][8, 14][12, 13][10, 11][8, 14][8, 14][8, 14] 
[0, 1, 2, 5, 7, 9][3, 11, 10, 12, 13][12, 9, 6, 14][4, 3, 5][6, 14][8, 14][0, 1][12, 13][8, 14][8, 14][9, 13][12, 13][5, 7][8, 14][8, 14] 
[3, 11, 10, 12][1, 2, 5, 7][10, 11][3, 5][7, 14][6, 9][8, 14][0, 1][3, 4][9, 13][8, 14][12, 13][7, 14][8, 14][8, 14] 
[6, 9, 12, 13][1, 2, 5][9, 10][7, 9][3, 5][10, 11][8, 14][5, 14][5, 7][8, 14][10, 12][3, 4][0, 1][10, 12][10, 12] 
[1, 2, 5, 7, 9][3, 11, 10, 12, 13][12, 9, 6, 14][4, 3, 5][6, 14][8, 14][0, 1][12, 13][8, 14][8, 14][9, 13][12, 13][5, 7][8, 14][8, 14] 
[8, 14, 6, 9, 13, 12, 10, 11][3, 11, 10, 12, 13][12, 9, 6, 14][4, 3, 5][1, 2, 5][9, 10, 12][2, 1, 3][5, 14][8, 14][5, 7][0, 1][0, 1][5, 14][8, 14][7, 9] 
[0, 1, 2, 5, 7, 9][5, 14, 6, 9, 12, 13][0, 1, 2, 5, 7, 9][3, 1, 2, 5, 14, 8][4, 3, 5][5, 14, 6][9, 10][10, 11][8, 14][8, 14][10, 12][3, 4][0, 1][10, 12][10, 12] 
[1, 2, 5, 7, 9][6, 9, 12, 13][10, 11][3, 11][3, 4][7, 14][8, 14][0, 1][3, 5][9, 13][8, 14][12, 13][7, 14][8, 14][8, 14] 
