35516.01490236382 15.0 0.6391315519000741 
63290.8954969038 15.0 0.2761721258831085 
70689.07625420693 16.0 0.16574651096566673 
109343.53666708196 15.0 0.1676509331402941 
123357.61090944514 16.0 0.037251123956326265 
170520.27918289928 15.0 0.0 
59767.992180452944 16.0 0.26014168245046476 
63842.2954965048 17.0 0.14579905023018547 
85158.10423778284 15.0 0.23378291586384073 
83788.68758385684 16.0 0.10148965888406748 
112047.30162356686 16.0 0.09120102761721259 
36415.912127440904 15.0 0.6031603288786805 
54219.01974301683 15.0 0.28006190812910764 
70689.07635032976 16.0 0.16572134571566718 
115028.99335958238 16.0 0.0661653172013443 
86131.21640962156 16.0 0.09699441246542244 
