36306.03738437822 15.0 0.6372045220957235 
48313.18252540824 16.0 0.4759763617674183 
70743.61771351821 15.0 0.24730339576979726 
83181.3054636816 16.0 0.1721960079183285 
92824.37392623366 16.0 0.03211716288219568 
96660.10131425316 15.0 0.14004461269449867 
190378.64844844546 16.0 4.451535600386615E-10 
191301.10672600722 15.0 0.0 
64168.82130080987 16.0 0.3134232503693666 
86496.67215264257 17.0 0.1259121484632973 
92301.91948929404 15.0 0.2113432265422341 
86918.97563063414 16.0 0.15866052614102996 
42957.58981727506 15.0 0.5131704710549624 
48313.18252540824 16.0 0.4759763617674183 
65579.58006324338 15.0 0.3070186312925748 
76052.2061690094 17.0 0.22609196045580773 
