34985.83493898523 15.0 0.6544637122671805 
65268.11862840674 15.0 0.21196222212985694 
72710.79167361403 16.0 0.14838079996537148 
93701.60126397446 15.0 0.12589928093619537 
140872.12411372064 16.0 0.012854372632514235 
203535.568140287 15.0 0.0 
63127.9508962457 16.0 0.2119460500963391 
73173.9706811967 17.0 0.1002088481834993 
84817.75739467872 16.0 0.07129094412331406 
37350.252032140525 15.0 0.6147225077076985 
64671.10169066408 15.0 0.2466281310211946 
95715.0793868525 15.0 0.10471573053591905 
140262.51042172007 16.0 0.02183909726774359 
62306.905849688344 16.0 0.2826076055039414 
72641.4805158789 17.0 0.12588310854206808 
116232.83527153006 17.0 0.07000642260757868 
