39383.3162063798 15.0 0.5292228644829801 
52676.87170287388 16.0 0.31343042905806456 
95529.1204425262 15.0 0.25563430294874423 
86182.18527884915 16.0 0.12717555019534632 
97767.6462607569 17.0 0.06878732341438525 
117177.70671913053 15.0 0.11304845597398212 
145453.35030695418 16.0 0.00963795401602973 
223201.81395969156 15.0 0.0 
75063.41299368863 16.0 0.17148362235067438 
80047.41245925399 17.0 0.10533960016999543 
100885.87942620878 16.0 0.06165827077122878 
43461.453861592854 15.0 0.5093782117154074 
59780.686283111885 16.0 0.3121466484612423 
161321.962053129 15.0 0.08928876666101143 
209204.93082446212 16.0 0.003867095645493898 
70335.13735965756 16.0 0.2671919446071498 
