34911.9007835665 15.0 0.6551906200857563 
54608.446211347466 16.0 0.25245410147957104 
70381.4461401673 15.0 0.24727064335886545 
99460.80083279921 16.0 0.02569043031470777 
138444.60555202252 15.0 0.1727903387341537 
225688.59686798754 16.0 0.0 
234884.133781126 15.0 0.0 
52849.29177696295 16.0 0.335292543879445 
67356.8652829597 16.0 0.11433619568012429 
173663.58391909837 16.0 0.021839093685350478 
44427.572291642144 15.0 0.4354550217521456 
61083.21415297025 16.0 0.20105344152908708 
74556.17947636559 15.0 0.23574146058360423 
150952.26517365413 15.0 0.1593028632419697 
52849.29177696295 16.0 0.335292543879445 
179729.0190590893 16.0 0.01734434045347652 
