36465.60051380862 15.0 0.6923570969813745 
54185.279664251466 16.0 0.3378291586384072 
62031.383197384996 17.0 0.21772639691714837 
67904.0406845811 15.0 0.24859542302726606 
78937.89540014602 16.0 0.21132202466124603 
100457.20786995125 17.0 0.030831239601539072 
92224.08860789047 15.0 0.14710964616866118 
132409.86712047886 16.0 0.021235281670628024 
198754.97561678223 15.0 0.0 
66955.1157541904 16.0 0.2588684578193082 
71192.6401421918 17.0 0.15030865337962385 
87977.94397427251 15.0 0.2235256402885252 
87170.20369331333 16.0 0.06617249362186077 
65703.48572988213 15.0 0.27362197940220534 
158600.67144876887 16.0 0.018628289695782993 
51764.92603004395 15.0 0.43290305827275266 
