[1, 2][1, 3][1, 4][0, 1][3, 5][3, 11][10, 11][5, 7][5, 14][10, 12][8, 14][12, 13][9, 13][6, 14][7, 14] 
[1, 2, 5][12, 13][10, 12][10, 11][3, 5][0, 1][1, 4][9, 10][5, 7][6, 9][5, 14][8, 14][7, 9][10, 11][6, 14] 
[1, 4, 3, 5][5, 7, 9][3, 11][10, 11][1, 3][9, 10][9, 13][3, 4][6, 9][1, 2][8, 14][10, 12][0, 1][5, 14][5, 14] 
[3, 11, 10, 12, 13, 9][6, 14, 8][1, 2, 5][6, 9, 7][9, 10][5, 7][0, 1][1, 4][9, 13][10, 11][3, 5][12, 13][12, 13][7, 9][10, 11] 
[9, 7, 14, 5, 3, 11][0, 1, 2, 5, 14, 8][3, 4, 1, 2, 5][9, 10, 11][12, 13][9, 13][1, 4][1, 3][6, 14][9, 13][1, 2][1, 4][10, 12][12, 13][1, 3] 
[9, 7, 14, 5, 3, 11][0, 1, 2, 5, 14, 8][1, 2, 5, 14, 6, 9][3, 4, 1, 2, 5][5, 7, 9, 12, 10][9, 10, 11][12, 13][9, 13][1, 4][1, 3][9, 13][1, 2][1, 4][12, 13][1, 3] 
[7, 14, 5, 3, 11][10, 11][1, 3][9, 10][9, 13][7, 9][5, 14][6, 9][1, 2][8, 14][10, 12][0, 1][1, 4][5, 14][5, 14] 
[1, 2, 5, 7, 14, 6][3, 11][10, 11][1, 3][9, 10][9, 13][7, 9][3, 4][6, 9][8, 14][10, 12][0, 1][1, 4][5, 14][5, 14] 
[0, 1, 2, 5, 14, 8][10, 12][9, 10][5, 7][1, 4][12, 13][6, 9][9, 13][12, 13][1, 4][3, 5][12, 13][7, 9][9, 13][10, 11] 
[1, 3, 5, 7, 9][9, 13, 12][1, 2][1, 4][0, 1][3, 5][3, 11][10, 11][5, 7][5, 14][10, 12][8, 14][12, 13][6, 9][7, 14] 
[0, 1, 2, 5, 14, 8][7, 14, 5, 3, 11][9, 6, 14][12, 13][9, 13][1, 4][9, 10][1, 3][2, 5][9, 13][1, 2][1, 4][10, 12][12, 13][1, 3] 
[1, 2][1, 3][1, 4][0, 1][3, 5][3, 11][10, 11][5, 7][5, 14][10, 12][8, 14][12, 13][9, 13][6, 9][7, 14] 
[1, 2, 5][5, 7, 14][12, 13][10, 11][9, 10][9, 13][7, 9][3, 4][6, 9][8, 14][10, 12][0, 1][1, 4][5, 14][5, 14] 
[1, 4, 3, 5][5, 7, 9][3, 11][10, 11][1, 3][9, 10][9, 13][3, 4][6, 9][1, 2][8, 14][10, 12][0, 1][5, 14][5, 14] 
[4, 3, 1, 2, 5, 14, 8][1, 3, 5, 7, 9][1, 2, 5, 7][4, 3, 11][9, 13, 12][1, 2][1, 4][0, 1][3, 5][10, 11][5, 14][10, 12][12, 13][6, 9][7, 14] 
[1, 3, 5, 7, 9][4, 3, 11][9, 13, 12][1, 2][1, 4][0, 1][3, 5][10, 11][5, 7][5, 14][10, 12][8, 14][12, 13][6, 9][7, 14] 
