[5, 14][8, 14][2, 5][3, 5][1, 2][0, 1][3, 4][6, 14][12, 13][10, 12][7, 14][10, 11][7, 9][8, 14][3, 11] 
[5, 7, 14, 6][0, 1, 3][9, 13][7, 9][1, 2][3, 11][8, 14][3, 4][9, 10][10, 12][7, 14][7, 14][2, 5][7, 14][3, 11] 
[3, 5, 7, 14, 6][0, 1, 2, 5][5, 14][8, 14][7, 9][9, 13][3, 11][3, 4][7, 14][9, 10][7, 14][7, 14][5, 14][10, 12][3, 4] 
[1, 2, 5, 14, 6][0, 1, 3][7, 9][5, 7][3, 5][9, 13][9, 10][3, 11][10, 12][5, 14][10, 11][9, 10][3, 4][7, 14][8, 14] 
[3, 5, 7, 14, 6, 9, 12][1, 2, 5][7, 9][5, 14][0, 1][3, 11][8, 14][7, 14][9, 13][7, 14][10, 11][5, 14][3, 11][3, 4][7, 14] 
[4, 1, 3, 11, 10, 9][5, 7, 14, 6, 9][0, 1, 2, 5][3, 11][3, 5][3, 4][10, 12][8, 14][9, 13][7, 14][7, 14][7, 14][1, 2][8, 14][3, 11] 
[1, 2, 5, 14, 6][0, 1, 3, 11, 10][7, 9][5, 7][3, 5][9, 13][9, 10][3, 11][10, 12][5, 14][10, 11][9, 10][3, 4][7, 14][8, 14] 
[0, 1, 2, 5, 14, 7, 9, 12][7, 9, 10, 11][1, 4, 3][3, 5, 7][5, 14][8, 14][1, 2][9, 10][6, 9][9, 13][5, 14][10, 12][5, 14][3, 11][3, 11] 
[2, 1, 3, 5, 14, 6, 9, 7][0, 1, 2, 5, 14, 6, 9][1, 4, 3, 11, 10, 9, 12][8, 14, 7, 5, 3, 11][10, 12][3, 5][9, 13][9, 13][1, 2][12, 13][7, 9][3, 4][5, 14][10, 12][3, 11] 
[3, 5, 7, 14, 8][7, 5, 3, 11][1, 4, 3][5, 14][1, 2][7, 9][9, 10][6, 9][0, 1][9, 13][5, 14][10, 12][5, 14][3, 11][3, 11] 
[7, 9, 10, 12, 13][3, 5, 7, 14, 6][0, 1, 3][5, 14][2, 5][3, 11][8, 14][7, 14][9, 13][7, 14][10, 11][5, 14][3, 11][3, 4][7, 14] 
[0, 1, 3, 11, 10][2, 5, 14, 6][7, 9][5, 7][3, 5][9, 13][9, 10][3, 11][10, 12][5, 14][10, 11][9, 10][3, 4][7, 14][8, 14] 
[3, 5, 7, 14, 6, 9, 12][7, 9, 10, 12][0, 1, 3][5, 14][2, 5][3, 11][8, 14][7, 14][9, 13][7, 14][10, 11][5, 14][3, 11][3, 4][7, 14] 
[1, 2, 5, 14, 6][7, 9][5, 7][3, 5][9, 13][9, 10][0, 1][3, 11][10, 12][5, 14][10, 11][9, 10][3, 4][7, 14][8, 14] 
[0, 1, 2, 5, 14, 7, 9, 12][7, 9, 10, 11][3, 11, 10, 12][1, 4, 3][3, 5, 7][5, 14][8, 14][1, 2][9, 10][6, 9][9, 13][5, 14][5, 14][3, 11][3, 11] 
[3, 5, 7, 14, 6][9, 10, 12][0, 1, 3][5, 14][2, 5][3, 11][8, 14][7, 14][9, 13][7, 14][10, 11][5, 14][3, 11][3, 4][7, 14] 
