[5, 14, 8][3, 5][3, 4][1, 2][3, 11][7, 14][8, 14][0, 1][6, 14][2, 5][9, 13][12, 13][10, 12][10, 11][8, 14] 
[5, 7, 9, 13][2, 5, 14, 8][4, 3, 11][2, 1, 3][9, 10][12, 13][8, 14][10, 11][0, 1][6, 9][8, 14][5, 14][8, 14][8, 14][8, 14] 
[0, 1, 2, 5, 3][7, 9, 12][9, 10][12, 13][8, 14][3, 4][10, 11][3, 4][6, 9][5, 14][8, 14][5, 7][8, 14][8, 14][8, 14] 
[4, 3, 1, 2, 5, 7, 9, 12][11, 10, 9, 13, 12][5, 14, 8][6, 9][12, 13][5, 14][8, 14][3, 11][10, 11][0, 1][8, 14][3, 4][6, 9][8, 14][8, 14] 
[2, 1, 4, 3, 5, 7, 9, 10][9, 7, 5, 3, 11, 10][0, 1, 3, 4][0, 1, 2, 5][1, 2][5, 14][5, 14][7, 14][8, 14][6, 14][2, 5][3, 11][12, 13][10, 12][8, 14] 
[8, 14, 5, 7, 9, 13, 12, 10][4, 3, 1, 2, 5, 7, 9, 12][0, 1, 4, 3, 11, 10, 9, 12][6, 9, 10][5, 14, 7][7, 9, 12][10, 11][8, 14][0, 1][12, 13][6, 9][8, 14][8, 14][8, 14][5, 14] 
[4, 1, 3, 11, 10, 12, 9, 13][0, 1, 3, 5, 14, 6, 9][1, 2, 5, 7, 9, 6][3, 5, 7, 14, 8][7, 9, 10][3, 4][9, 13][12, 13][3, 4][10, 12][8, 14][10, 12][3, 11][5, 14][6, 9] 
[5, 7, 9, 13][4, 3, 11][2, 1, 3][5, 14, 8][9, 10][12, 13][8, 14][10, 11][0, 1][6, 9][8, 14][5, 14][8, 14][8, 14][8, 14] 
[4, 3, 1, 2, 5, 14, 8][5, 3, 11, 10][5, 7, 9, 13][9, 10][12, 13][8, 14][3, 4][0, 1][6, 9][8, 14][5, 14][8, 14][8, 14][8, 14][8, 14] 
[5, 7, 14, 6, 9, 10, 12, 13][4, 3, 1, 2, 5, 7, 9][1, 2, 5, 7, 14, 8][11, 10, 9, 13, 12][5, 14, 8][12, 13][5, 14][8, 14][3, 11][10, 11][0, 1][8, 14][3, 4][6, 9][8, 14] 
[3, 1, 2, 5][10, 9, 13][5, 7][12, 13][5, 14][8, 14][3, 11][10, 11][0, 1][8, 14][3, 4][5, 14][6, 9][8, 14][8, 14] 
[3, 1, 2, 5][5, 7, 9, 13][9, 10][12, 13][8, 14][3, 4][10, 11][0, 1][6, 9][8, 14][5, 14][8, 14][8, 14][8, 14][8, 14] 
[0, 1, 2, 5, 3][9, 10, 11][7, 9, 12][12, 13][8, 14][3, 4][10, 11][3, 4][6, 9][5, 14][8, 14][5, 7][8, 14][8, 14][8, 14] 
[2, 1, 4, 3, 5, 7, 9, 10][9, 7, 5, 3, 11, 10][0, 1, 3, 4][2, 5, 7, 14][0, 1, 2, 5][1, 2][5, 14][5, 14][8, 14][6, 14][2, 5][3, 11][12, 13][10, 12][8, 14] 
[5, 7, 9, 13][4, 3, 11][2, 1, 3][5, 14, 8][9, 10][12, 13][8, 14][10, 11][0, 1][6, 9][8, 14][5, 14][8, 14][8, 14][8, 14] 
[5, 7, 14, 6, 9, 10, 12, 13][4, 3, 1, 2, 5, 7, 9, 12][1, 2, 5, 7, 14, 8][11, 10, 9, 13, 12][5, 14, 8][12, 13][5, 14][8, 14][3, 11][10, 11][0, 1][8, 14][3, 4][6, 9][8, 14] 
