36655.73546901437 15.0 0.6345536287732819 
42851.1364486509 16.0 0.46563904945407836 
65444.95295846467 16.0 0.22286448298008993 
69187.56824543132 15.0 0.22995888856848085 
105191.30766391149 16.0 0.04689675203059807 
109929.9814698924 15.0 0.11433718507428184 
192172.02342084615 16.0 0.0 
229439.70548521582 15.0 0.0 
58678.64261188453 16.0 0.3025436793416292 
76369.24677321089 16.0 0.1053356335152246 
93348.04432764558 15.0 0.19588953114964675 
154050.0626172566 16.0 0.02508364574346987 
49176.78278420795 15.0 0.5074006855729062 
61773.32469029935 16.0 0.27425136759820556 
189006.62089666066 15.0 0.0019267822736030828 
68340.30269188354 15.0 0.2562652602943616 
