34315.78362661234 15.0 0.6313439853979262 
41901.6777976474 16.0 0.4861913937058446 
51130.62528211608 17.0 0.287732819524727 
64859.2356877059 15.0 0.1997809655002401 
84745.57888686599 16.0 0.07450224791265253 
87587.6722280903 15.0 0.1458247894502586 
181663.43736861163 16.0 0.0 
181961.18092333092 15.0 0.0 
59200.13734613119 16.0 0.2729608220937701 
74692.31916537318 16.0 0.12461451176169715 
106968.29325903178 16.0 0.06809564733612868 
34315.78362661234 15.0 0.6313439853979262 
61539.760917130625 15.0 0.2948164193692293 
116588.8103570874 15.0 0.12205520628972386 
177560.2263422497 16.0 0.026340199781495183 
55371.1556734701 16.0 0.3198618644202648 
