35495.82541109969 15.0 0.6243576567304518 
52437.167851418126 16.0 0.4797687861271676 
48861.30203568328 17.0 0.3712285336262411 
70076.79380974566 15.0 0.2569326913889571 
103561.66057370928 16.0 0.05589112339532779 
124300.37822686131 15.0 0.15225275951438982 
164498.69424177342 16.0 7.1793350539920094E-6 
200290.70546047247 15.0 0.0 
61460.433665858494 16.0 0.29672447013487474 
75423.27773728865 16.0 0.1123956326268465 
94354.11298069514 15.0 0.22933469292964542 
39674.76112581262 15.0 0.5697584695301514 
48859.3614941484 17.0 0.37127440904419323 
63310.201523401185 15.0 0.365446371226718 
61435.32572583249 16.0 0.2967625850314881 
79071.90086080173 16.0 0.08479285749937404 
