36685.661528580604 15.0 0.642903018625562 
62102.4053347914 16.0 0.21005004787990023 
70163.57153360154 15.0 0.23445652653667176 
89449.69391262298 16.0 0.057803468208092484 
111444.50891476839 15.0 0.16638117619105958 
149108.77804082967 16.0 0.0 
214882.70775162993 15.0 0.0 
54539.658637928354 16.0 0.33270278986449175 
67871.99986711846 16.0 0.14065510597302505 
116407.27465779334 16.0 0.05267231212635335 
68423.22431890125 15.0 0.24405908798972384 
134082.5042900528 15.0 0.15096625954113774 
156574.07888240097 15.0 0.09121909506820462 
102424.6572481559 16.0 0.05394990366088632 
81156.90767570732 16.0 0.13810413039254632 
134266.55674075763 16.0 0.0038535645472061657 
