39730.973025048166 15.0 0.548490687219011 
50100.69032065895 16.0 0.45536287732819525 
59952.8325926158 17.0 0.28131236104197294 
63173.94697586136 15.0 0.25308547100565987 
98546.71075564434 16.0 0.032757205196177246 
115812.8807115285 15.0 0.13104991327095353 
177464.46239315375 16.0 0.01673071175956285 
183661.73744418845 15.0 0.0 
63493.275699120626 16.0 0.24859104819678177 
72279.30898445504 16.0 0.11496698592810742 
108842.53340094433 15.0 0.2447417778450567 
85514.57466931538 16.0 0.10533076429030186 
41216.23329907503 15.0 0.5299331962992574 
61862.743806643615 15.0 0.27042123594439826 
54963.36178970139 16.0 0.283268926274656 
96554.18800615195 17.0 0.09890815671162492 
