37494.56309658272 15.0 0.5317919075144508 
40212.828501780816 16.0 0.49582530507385997 
64697.9109931909 17.0 0.2800555593656729 
76477.01457299438 15.0 0.28387925497752087 
76122.99752599782 16.0 0.1907514450867052 
140981.7475730396 15.0 0.15030436482211973 
149904.84894338142 16.0 0.0019298357509908435 
178688.05571344154 15.0 3.836213101015701E-9 
70502.21639233634 16.0 0.24341682723185612 
96392.11837524611 16.0 0.05973330395908333 
45100.22010755708 15.0 0.46442283775305254 
48809.3252107731 16.0 0.3725112395632627 
70386.15478856588 15.0 0.2839084645822975 
124872.53902460822 15.0 0.22739677318625273 
234991.1047725231 15.0 0.0 
62992.61323090528 16.0 0.31085420680796405 
