[8, 14][6, 14][6, 9][10, 12][3, 11][5, 14][2, 5][5, 7][1, 3][3, 4][0, 1][10, 11][1, 4][9, 13][12, 13] 
[5, 7, 9][1, 4, 3][1, 2, 5][10, 11][6, 14][8, 14][12, 13][0, 1][6, 9][3, 5][9, 12][6, 14][3, 11][6, 14][10, 12] 
[0, 1, 2, 5][1, 4, 3][9, 13][10, 12][10, 11][6, 9][6, 14][8, 14][3, 5][1, 2][1, 4][9, 10][7, 9][3, 11][5, 7] 
[0, 1, 2, 5, 7, 9, 10, 12][6, 14][8, 14][6, 9][1, 4][10, 11][9, 13][3, 11][8, 14][3, 11][3, 5][1, 4][8, 14][3, 11][6, 14] 
[3, 11, 10, 9, 13, 12][0, 1, 2, 5][8, 14][6, 14][5, 14][1, 4][6, 9][3, 5][7, 9][3, 11][9, 10][10, 12][9, 13][5, 7][6, 14] 
[0, 1, 2, 5, 7, 9, 10][1, 4, 3, 11, 10, 9, 12][2, 1, 4, 3, 5, 14, 8][5, 14][10, 12][6, 14][12, 13][1, 4][8, 14][12, 13][1, 2][1, 4][3, 11][9, 13][6, 9] 
[4, 3, 1, 2, 5, 7, 9, 13][0, 1, 2, 5, 7, 9, 10][1, 4, 3, 11, 10, 9, 12][2, 1, 3, 5, 14, 8][9, 6, 14][12, 13][9, 13][3, 11][8, 14][1, 4][6, 14][12, 13][1, 2][1, 2][1, 4] 
[5, 7, 9, 6][12, 13][9, 13][0, 1][1, 4][3, 5][3, 11][6, 14][8, 14][9, 10][2, 5][6, 14][6, 14][3, 4][8, 14] 
[0, 1, 2, 5, 7, 9][12, 13][9, 13][1, 4][3, 5][6, 9][3, 11][6, 14][8, 14][9, 10][6, 14][6, 14][6, 14][3, 4][8, 14] 
[0, 1, 2, 5, 7, 9, 10, 12][6, 9, 10][3, 11][3, 5][5, 14][9, 13][1, 4][8, 14][8, 14][8, 14][10, 11][9, 13][6, 14][3, 11][5, 14] 
[0, 1, 2, 5][9, 13][10, 12][1, 4][10, 11][6, 9][6, 14][8, 14][3, 5][1, 2][1, 4][9, 10][7, 9][3, 11][5, 7] 
[3, 11, 10, 12, 9, 7, 14, 6][6, 9, 10, 12][3, 5, 7][1, 2, 5][7, 9][3, 4][10, 11][6, 14][8, 14][12, 13][0, 1][9, 12][6, 14][3, 11][6, 14] 
[4, 1, 2, 5, 7, 9, 6, 14][0, 1, 2, 5, 7, 9][6, 9, 7, 5, 14, 8][12, 13][9, 13][1, 4][3, 5][3, 11][6, 14][8, 14][9, 10][6, 14][6, 14][3, 4][8, 14] 
[0, 1, 2, 5, 7, 9, 10, 12][3, 11][3, 5][6, 9][5, 14][9, 13][1, 4][8, 14][8, 14][8, 14][10, 11][9, 13][6, 14][3, 11][5, 14] 
[0, 1, 2, 5, 7, 9][2, 1, 4, 3][12, 13][9, 13][1, 4][3, 5][6, 9][3, 11][6, 14][8, 14][9, 10][6, 14][6, 14][6, 14][8, 14] 
[0, 1, 2, 5, 7, 9, 10][1, 4, 3, 11, 10, 9, 12][5, 14, 8][5, 14][10, 12][6, 14][12, 13][1, 4][8, 14][12, 13][1, 2][1, 4][3, 11][9, 13][6, 9] 
