35144.7315277406 15.0 0.5979540148859581 
55401.04115245997 16.0 0.24341682723185612 
63649.98991252704 15.0 0.23509136438154837 
104185.19837140974 16.0 0.03918566120889397 
112951.56128716675 15.0 0.12526510681955383 
159558.2190003857 16.0 0.003854059609455293 
213730.09659560127 15.0 0.0 
53286.12275423394 16.0 0.3134232498394348 
71629.13217265237 16.0 0.09826894922988388 
129538.82745587008 16.0 0.035329375165216295 
41051.00192678227 15.0 0.525369299935774 
63649.989886536954 15.0 0.23509763537114728 
96803.52528526344 16.0 0.05909302320632098 
205640.48792854638 15.0 0.08413615928066795 
66315.66247671178 16.0 0.14129736673089274 
142623.1254958057 16.0 0.025057327678562082 
