34195.79319203597 15.0 0.6358381502890174 
48035.998633455914 16.0 0.40591069683856107 
69159.03487321726 15.0 0.2729608220937701 
66416.48757313548 16.0 0.17406421688742055 
103245.29852784162 15.0 0.10729302146767927 
97807.14533809629 16.0 0.014774888197682237 
197277.98682675383 15.0 0.0 
56441.197897836886 16.0 0.4020552344251766 
65082.96586609469 16.0 0.19845857418111754 
67747.61016338487 17.0 0.14836223506743737 
101946.92971807878 15.0 0.2594733461785485 
84583.97170517285 16.0 0.0674373795761079 
48035.99860086845 16.0 0.4059609390747384 
102893.09416126128 15.0 0.24470134874759153 
155799.52342463713 15.0 0.03856113790291344 
93498.88757221067 16.0 0.045609176285109326 
