38065.87026332691 15.0 0.5664739884393064 
65654.25224567429 16.0 0.18500269568018796 
110545.61692286938 18.0 0.021839671120246658 
92332.00796277338 15.0 0.24087872161646762 
130612.50666338248 16.0 0.021839671120246658 
127490.13658073278 15.0 0.13168036998972252 
252810.527869845 16.0 0.0 
298584.2075579008 15.0 1.3612426152487966E-15 
63591.03403982016 16.0 0.3615928066795119 
81317.4891692919 16.0 0.09121274258543574 
117756.3808051116 15.0 0.1631551901336074 
193723.10656291913 16.0 0.013521713322863145 
45872.46554073617 15.0 0.45986150798601416 
64913.44463485487 17.0 0.325626204238921 
76822.74853339339 15.0 0.2665399514082624 
299403.05361837026 15.0 1.7485454274229886E-19 
