39105.908798972385 15.0 0.5407835581245986 
58601.9992325587 16.0 0.2761721258831085 
76337.73038922723 15.0 0.26078361210711115 
77107.20001342901 16.0 0.1001926782273603 
106978.99212015682 15.0 0.1130524133453288 
101918.99404781766 16.0 0.056518946692357096 
183500.33498768226 15.0 0.0 
74844.80633113648 16.0 0.26721430348813596 
62894.43326092454 17.0 0.26978416821044376 
73729.58318705574 17.0 0.11817597944765575 
94399.75943661967 15.0 0.2004202538600614 
78800.77607579662 16.0 0.09762363519588953 
176168.5508176845 17.0 0.04049675199787901 
178887.29789616147 15.0 0.05915184455062166 
70907.06411889133 15.0 0.27235238955107754 
42186.77518450666 15.0 0.5228697217158799 
