34195.79319203597 15.0 0.6358381502890174 
71219.11731716596 15.0 0.24983943481053308 
92929.24075479993 16.0 0.04175454021594528 
112189.55362144986 15.0 0.15737410071942448 
144790.70957256702 16.0 1.0726348555469212E-5 
215232.40490335075 15.0 4.1270972751548256E-17 
56913.499827083644 16.0 0.34938985228002567 
73664.98302252672 16.0 0.14900449582530506 
95317.49273654155 15.0 0.2035966602440591 
141948.84141625575 16.0 0.0044964028776978415 
49458.529182337035 15.0 0.4682080924855491 
68550.11282127562 15.0 0.3699421965317919 
89211.11886797997 16.0 0.05973025048169557 
237714.9424768253 15.0 1.1235961376435876E-32 
84532.4809347395 16.0 0.08928571428571429 
141948.92037871067 16.0 0.004496402877697841 
