[9, 13][12, 13][10, 12][7, 9][10, 11][3, 11][3, 4][1, 4][1, 2][7, 14][2, 5][0, 1][6, 9][8, 14][7, 14] 
[1, 2, 5, 7][3, 5, 14, 7][7, 14][3, 4][8, 14][0, 1][7, 9][9, 12][10, 11][12, 13][6, 9][9, 10][9, 13][10, 12][1, 4] 
[6, 14, 7, 9, 13, 12, 10][0, 1, 2, 5, 14, 8][7, 5, 3, 11][1, 4, 3][8, 14][9, 12][10, 12][7, 14][2, 5][7, 14][8, 14][10, 11][9, 10][7, 14][6, 9] 
[4, 1, 2, 5, 14, 8][0, 1, 3, 5, 2][4, 3, 11][1, 3, 11][4, 3, 11][10, 11][5, 7][7, 14][10, 12][9, 12][9, 13][6, 9][8, 14][7, 14][7, 9] 
[6, 14, 7, 9, 13, 12, 10][0, 1, 2, 5, 14, 8][0, 1, 2, 5, 14, 8][7, 5, 3, 11][1, 4, 3][9, 12][10, 12][7, 14][2, 5][7, 14][8, 14][10, 11][9, 10][7, 14][6, 9] 
[4, 1, 2, 5, 14, 8][0, 1, 3, 5, 2][8, 14, 6, 9, 12][4, 3, 11][1, 3, 11][10, 11][5, 7][7, 14][10, 12][9, 12][9, 13][8, 14][7, 14][3, 11][7, 9] 
[0, 1, 2, 5, 7, 9, 12, 10][1, 4, 3, 11, 10, 9, 13, 12][8, 14, 7, 5, 3, 11, 10, 9][7, 14, 6, 9][9, 10][6, 9][0, 1][8, 14][7, 14][3, 11][6, 9][3, 11][10, 11][9, 13][1, 4] 
[5, 14, 6, 9, 13, 12, 10][1, 3, 11, 10, 9, 13, 12][0, 1, 2, 5, 14, 6, 9][2, 1, 3, 5, 14, 8][1, 3, 11, 10, 9, 7][0, 1, 2, 5, 3][9, 7, 5, 3, 11][10, 11][7, 14][1, 4][3, 4][8, 14][6, 9][2, 5][5, 14] 
[7, 9, 13, 12, 10][0, 1][1, 3][3, 11][3, 5][3, 4][7, 14][5, 7][7, 14][8, 14][6, 9][3, 11][2, 5][3, 11][7, 14] 
[1, 2, 5, 7, 9][1, 4, 3][7, 14][9, 13][9, 10][6, 9][8, 14][0, 1][10, 12][10, 11][7, 14][10, 11][8, 14][9, 12][8, 14] 
[6, 14, 5, 3, 11, 10, 12, 13][1, 2, 5, 7][6, 9, 10, 11][1, 4, 3][7, 14][9, 13][9, 10][6, 9][0, 1][10, 12][7, 14][10, 11][8, 14][9, 12][8, 14] 
[1, 4, 3, 5, 14, 6, 9, 7][7, 5, 2, 1, 3, 11, 10][0, 1, 3, 5, 2][12, 10, 9, 13][10, 11][3, 11][3, 5][10, 12][9, 12][6, 9][8, 14][3, 11][7, 14][1, 4][3, 11] 
[7, 5, 3, 11][1, 4, 3][8, 14][0, 1][9, 12][10, 12][7, 14][2, 5][7, 14][8, 14][10, 11][9, 10][7, 14][6, 9][12, 13] 
[2, 5, 7, 9][9, 10, 12][10, 11][9, 13][7, 14][3, 4][8, 14][0, 1][6, 9][7, 14][10, 11][3, 11][8, 14][7, 14][1, 4] 
[0, 1, 3, 5, 2][10, 11][3, 11][5, 7][3, 5][10, 12][9, 12][9, 13][6, 9][8, 14][3, 11][7, 14][1, 4][3, 11][7, 9] 
[5, 14, 6, 9, 13, 12, 10][1, 3, 11, 10, 9, 13, 12][0, 1, 2, 5, 14, 6, 9][2, 1, 3, 5, 14, 8][1, 3, 11, 10, 9, 7][0, 1, 2, 5, 3][9, 7, 5, 3, 11][10, 11][7, 14][1, 4][3, 4][8, 14][6, 9][2, 5][5, 14] 
