[3, 5][10, 11][5, 7][3, 4][7, 14][6, 14][1, 4][0, 1][1, 2][10, 12][6, 9][8, 14][12, 13][8, 14][3, 11] 
[5, 7, 9, 12][1, 4][6, 9][0, 1][8, 14][9, 10][12, 13][3, 5][3, 11][8, 14][3, 11][1, 2][8, 14][2, 5][6, 14] 
[3, 1, 2, 5][3, 4][0, 1][9, 13][7, 9][6, 9][9, 13][5, 7][9, 10][7, 9][10, 11][10, 12][7, 14][6, 14][8, 14] 
[4, 1, 3, 11, 10, 9][1, 2, 5, 7, 9, 12][9, 13, 12, 10][9, 6, 14][2, 5][6, 14][0, 1][5, 14][3, 11][3, 11][8, 14][3, 11][3, 11][3, 11][12, 13] 
[12, 13, 9, 7, 5, 14][1, 2, 5, 7, 9][2, 5, 14, 8][9, 10][10, 11][6, 14][0, 1][1, 4][7, 14][3, 11][10, 12][3, 11][2, 5][3, 11][2, 5] 
[3, 4, 1, 2, 5, 7, 9, 10][0, 1, 2, 5, 7, 9, 13][8, 14, 5, 3, 11, 10, 12][3, 11, 10, 12, 13, 9][7, 14, 6, 9, 10, 11][1, 4, 3][3, 4][6, 14][2, 5][7, 14][8, 14][9, 13][9, 13][6, 9][3, 5] 
[1, 2, 5, 7, 9, 12][3, 11][1, 4][0, 1][6, 9][10, 12][8, 14][12, 13][3, 11][1, 3][6, 14][6, 14][3, 11][3, 11][6, 14] 
[0, 1, 4, 3, 5][10, 12, 13][3, 4][9, 13][7, 9][6, 9][2, 5][9, 13][5, 7][9, 10][7, 9][10, 11][7, 14][6, 14][8, 14] 
[0, 1, 2, 5, 3, 11, 10, 9][3, 11, 10, 12, 13, 9, 6, 14][8, 14, 5, 2, 1, 3, 11][5, 7, 9, 10][10, 11][5, 7][3, 4][7, 14][1, 4][0, 1][1, 2][6, 9][8, 14][12, 13][3, 11] 
[0, 1, 4, 3, 5][3, 4][9, 13][7, 9][6, 9][2, 5][9, 13][5, 7][9, 10][7, 9][10, 11][10, 12][7, 14][6, 14][8, 14] 
