[3, 4][1, 4][3, 5][3, 11][5, 7][10, 11][10, 12][12, 13][9, 13][6, 9][7, 14][8, 14][1, 2][8, 14][0, 1] 
[1, 2, 5, 14][3, 5][1, 4][3, 11][10, 11][9, 10][8, 14][7, 9][9, 13][0, 1][10, 12][6, 9][12, 13][6, 9][5, 7] 
[0, 1, 2, 5, 7, 9][6, 9, 12, 13][3, 5, 14, 8][3, 5][9, 10][7, 14][9, 13][10, 12][1, 4][10, 11][8, 14][8, 14][5, 14][8, 14][1, 3] 
[8, 14, 6, 9, 13, 12][1, 2, 5, 14][3, 5][1, 4][3, 11][10, 11][9, 10][8, 14][7, 9][9, 13][0, 1][10, 12][6, 9][6, 9][5, 7] 
[5, 2, 1, 4, 3, 11, 10, 12][0, 1, 2, 5, 7, 9][8, 14, 6, 9, 12][4, 3, 1, 2, 5][9, 13][7, 14][1, 2][12, 13][1, 3][10, 12][1, 4][3, 5][8, 14][3, 11][9, 10] 
[0, 1, 3, 11, 10, 9, 13, 12][0, 1, 2, 5, 7, 9][1, 2, 5, 7, 9, 12][4, 3, 5, 14, 8][3, 4, 1, 2, 5][12, 10, 9, 13][9, 6, 14][9, 13][1, 3][3, 4][1, 2][9, 13][1, 2][1, 3][1, 2] 
[9, 6, 14][1, 2][3, 11][8, 14][9, 10][9, 13][7, 14][0, 1][3, 4][12, 13][5, 14][2, 5][1, 3][12, 13][9, 12] 
[0, 1, 2, 5, 7, 9][5, 7][3, 5][6, 9][1, 4][3, 11][9, 13][12, 13][7, 14][9, 10][8, 14][7, 14][8, 14][7, 14][1, 2] 
[3, 1, 2, 5, 14][9, 12, 10, 11][6, 9][9, 10][10, 12][7, 9][12, 13][3, 11][8, 14][3, 4][0, 1][6, 9][8, 14][5, 7][8, 14] 
[5, 2, 1, 3, 11, 10, 12][0, 1, 2, 5, 7, 9][8, 14, 6, 9, 12][4, 1, 2, 5][9, 13][7, 14][1, 2][12, 13][1, 3][10, 12][1, 4][3, 5][8, 14][3, 11][9, 10] 
[3, 11, 10][9, 10][6, 9][5, 7][7, 14][12, 13][8, 14][0, 1][9, 13][3, 5][9, 13][5, 14][2, 5][1, 2][1, 4] 
[9, 10, 11][1, 2][0, 1][12, 13][6, 9][5, 14][5, 7][3, 4][3, 5][8, 14][3, 4][5, 7][9, 13][1, 4][7, 9] 
[0, 1, 2, 5, 7, 9][3, 5, 14, 8][6, 9][9, 10][10, 11][1, 4][9, 13][10, 12][3, 5][5, 14][5, 14][8, 14][6, 9][5, 14][12, 13] 
[0, 1, 3, 11, 10, 9, 13, 12][0, 1, 2, 5, 7, 9][1, 2, 5, 7, 9, 12][4, 3, 5, 14, 8][12, 10, 9, 13][3, 1, 2, 5][9, 6, 14][9, 13][1, 3][3, 4][1, 2][9, 13][1, 2][1, 3][1, 2] 
[0, 1, 2, 5, 7, 9][6, 9][9, 10][8, 14][10, 11][1, 4][9, 13][10, 12][3, 5][5, 14][5, 14][8, 14][6, 9][5, 14][12, 13] 
[5, 2, 1, 3, 11, 10, 12][0, 1, 2, 5, 7, 9][8, 14, 6, 9, 12][4, 1, 2, 5][9, 13][7, 14][1, 2][12, 13][1, 3][10, 12][1, 4][3, 5][8, 14][3, 11][9, 10] 
