37653.68829368486 15.0 0.6082209377007065 
60460.06022072575 16.0 0.21390030832476875 
81285.08111794735 15.0 0.16570327552986513 
99806.12602214493 16.0 0.03147077713551702 
112586.0698368604 15.0 0.12204522096608428 
213644.1249046673 16.0 0.0 
256726.04302457647 15.0 6.237480026964201E-37 
80532.54585664203 16.0 0.08156711624919717 
193600.595228274 16.0 0.006423432682425488 
52203.92722281941 15.0 0.49333438933046897 
60460.06022072575 16.0 0.21390030832476875 
66783.86438411243 15.0 0.2363519588953115 
130959.82576172242 15.0 0.0642417527579918 
275364.7228451041 15.0 0.0 
81920.96740522386 16.0 0.05267173597377359 
193600.595228274 16.0 0.006423432682425488 
