39766.03082851638 15.0 0.5144508670520231 
62227.013559052735 16.0 0.23445108487941277 
80729.72228945218 15.0 0.20298047276464543 
117291.95498745922 16.0 0.01605858170606372 
132064.6177517635 15.0 0.0764388489208633 
211894.87019163158 16.0 3.338507501989806E-114 
234144.9738796118 15.0 8.478908141763345E-11 
75054.815255582 16.0 0.08477842003853564 
167150.13237829917 16.0 0.005138746146109183 
80730.84649446749 15.0 0.2029804727646427 
104394.72968006265 16.0 0.056518946692357096 
51529.571221605474 15.0 0.5035433241387333 
195729.03203336443 16.0 0.0019270298047277742 
59666.207783833954 16.0 0.24601194354178094 
234197.0166057586 15.0 1.0891339938038979E-14 
94289.51076576466 16.0 0.07258272561935676 
