35373.30443159923 15.0 0.6801541425818882 
67626.88982161567 15.0 0.2813102119460501 
91383.504805736 16.0 0.05525818511217288 
111929.53199500368 15.0 0.158016443987667 
187594.89085288218 16.0 0.0 
211959.08066817446 15.0 0.0 
57127.56931696812 16.0 0.312178828365582 
74949.16017846 16.0 0.13039568645265118 
99418.17878120203 15.0 0.2267474174476302 
125705.10795331637 16.0 0.021839671109624884 
36035.82219938335 15.0 0.6166495375116652 
111929.53199500368 15.0 0.158016443987667 
171240.15332646164 16.0 0.01798330122029544 
63280.273050516436 16.0 0.2839157245627219 
91401.08642927656 16.0 0.055241523209391415 
77616.96387801276 15.0 0.22864482980089917 
