34243.87332641668 15.0 0.6345536287732819 
63045.06947505376 16.0 0.20552344251766216 
78878.75086195284 15.0 0.324361400169702 
89663.1726060711 16.0 0.03341100687264386 
113885.06258873895 15.0 0.14645517024035073 
196610.07680313417 16.0 0.0 
206477.55820289455 15.0 0.0 
58637.645468465336 16.0 0.2723185613359024 
74753.0036660282 16.0 0.10468850353243417 
119806.2148709359 16.0 0.033397559409120106 
45646.36549008915 15.0 0.5208734746307001 
84709.15413822023 15.0 0.32113037893384716 
81475.9036787166 16.0 0.044320284008589936 
188852.56940206848 16.0 0.0032529687090776752 
61149.998895044315 16.0 0.2569373072965689 
65216.57308436027 16.0 0.16506530648771647 
