35155.995561519405 15.0 0.6351958895311497 
60681.14032005764 15.0 0.279383429672447 
108522.5212467093 17.0 0.05973025048169557 
135104.56825616787 15.0 0.10342031697239021 
163089.83691550832 16.0 0.010277492291858998 
183743.94788099255 15.0 1.695563801553901E-10 
71192.33046402571 17.0 0.22543352601158248 
92100.16381188313 16.0 0.06424109074604135 
41810.998715478476 15.0 0.5439948619139371 
60085.13035517265 15.0 0.36801541425818884 
108522.41587630335 17.0 0.05973792296088397 
135269.4818513118 15.0 0.10341726657893031 
151444.50316996677 16.0 0.023124357656731757 
183809.35843599171 15.0 2.1779881843980746E-14 
80559.20064679298 16.0 0.11689145793192036 
135269.4818513118 15.0 0.10341726657893031 
