43073.40885083888 15.0 0.5164439051566344 
48592.71412569652 16.0 0.33337615621788286 
73324.07322025303 15.0 0.24023638232271324 
81759.22126872685 16.0 0.14452723535457349 
124691.07966079233 15.0 0.1477383717596666 
107774.90538642212 16.0 0.04945407835581246 
186228.73219255306 15.0 3.2965236946855735E-192 
59154.60427503187 16.0 0.2806865160225247 
65435.2056031742 16.0 0.1926973696930841 
81103.3967515554 17.0 0.12525693730729703 
92538.12122436978 16.0 0.07001541508318658 
177773.3238403127 16.0 0.028263023221248896 
81103.3967515554 17.0 0.12525693730729703 
48592.71412569652 16.0 0.33337615621788286 
65435.20558585053 16.0 0.19270297975204795 
70306.84561615915 15.0 0.38730221430594214 
