[6, 9, 13][10, 12][10, 11][12, 13][3, 11][1, 2][7, 14][8, 14][0, 1][3, 4][1, 4][3, 5][5, 7][8, 14][8, 14] 
[1, 2, 5, 7, 9][6, 9, 13][4, 3, 11][8, 14][7, 14][3, 5][9, 12][0, 1][10, 12][8, 14][8, 14][8, 14][8, 14][8, 14][8, 14] 
[9, 6, 14][4, 3, 5][10, 11][10, 12][7, 9][0, 1][1, 2][2, 5][10, 11][12, 13][9, 10][5, 7][12, 13][10, 12][8, 14] 
[8, 14, 6, 9, 13, 12][1, 2, 5, 7, 9][1, 4, 3, 11, 10][4, 3, 5][8, 14][7, 14][0, 1][8, 14][8, 14][10, 12][8, 14][8, 14][8, 14][8, 14][9, 12] 
[8, 14, 6, 9, 13, 12][8, 14, 7, 9, 12, 13][4, 3, 11, 10][0, 1, 3][4, 3, 5][10, 12][7, 9][1, 2][2, 5][10, 11][12, 13][9, 10][5, 7][12, 13][10, 12] 
[4, 3, 5, 14, 6, 9, 10, 11][0, 1, 2, 5, 7, 9, 10][0, 1, 2, 5, 14, 6][9, 7, 5, 3, 11][10, 9, 13][8, 14][10, 12][7, 14][3, 4][12, 13][3, 11][7, 14][10, 11][10, 11][8, 14] 
[4, 3, 5, 14, 6, 9, 10, 11][0, 1, 2, 5, 14, 6, 9][0, 1, 2, 5, 7, 9, 10][5, 2, 1, 3, 11, 10][9, 7, 5, 3, 11][10, 9, 13][8, 14][10, 12][7, 14][3, 4][12, 13][3, 11][7, 14][10, 11][8, 14] 
[2, 5, 7, 9][6, 9, 13][7, 14][8, 14][10, 11][3, 4][9, 12][0, 1][8, 14][7, 14][8, 14][7, 14][10, 12][3, 5][1, 2] 
[8, 14, 6, 9, 13, 12][1, 2, 5, 7, 9][4, 3, 5][3, 11, 10][8, 14][7, 14][0, 1][8, 14][8, 14][10, 12][8, 14][8, 14][8, 14][8, 14][9, 12] 
[8, 14, 6, 9, 13, 12][1, 2, 5, 7, 9][4, 1, 3, 11, 10][4, 3, 11, 10][0, 1, 3][7, 14][8, 14][10, 12][8, 14][7, 14][2, 5][12, 13][10, 12][9, 10][0, 1] 
[2, 5, 7][6, 9, 13][7, 14][9, 12][8, 14][3, 5][3, 11][1, 2][0, 1][3, 4][3, 4][8, 14][10, 11][7, 14][10, 12] 
[8, 14, 6, 9, 13, 12][4, 1, 3, 11, 10][1, 2][9, 10][7, 9][0, 1][3, 5][7, 14][3, 4][8, 14][12, 13][10, 12][10, 11][7, 14][10, 12] 
[8, 14, 6, 9, 13, 12][1, 2, 5, 7, 9][1, 3, 11, 10][4, 3, 5][8, 14][7, 14][0, 1][8, 14][8, 14][10, 12][8, 14][8, 14][8, 14][8, 14][9, 12] 
[2, 5, 3, 11, 10, 12, 9, 13][0, 1, 4, 3, 5, 7, 14, 6][1, 2, 5, 7, 14, 6, 9][10, 11][7, 9][0, 1][1, 2][2, 5][10, 11][12, 13][9, 10][5, 7][12, 13][10, 12][8, 14] 
[1, 2, 5, 7, 9][6, 9, 13][3, 11, 10][8, 14][7, 14][3, 4][0, 1][8, 14][8, 14][10, 12][8, 14][8, 14][8, 14][8, 14][9, 12] 
[1, 2, 5, 7, 9][6, 9, 13][4, 3, 5][8, 14][7, 14][10, 11][0, 1][8, 14][8, 14][10, 12][8, 14][8, 14][8, 14][8, 14][9, 12] 
