[9, 10, 12][2, 5][5, 7][6, 14][8, 14][1, 2][3, 4][12, 13][0, 1][3, 11][6, 9][8, 14][5, 14][1, 3][1, 4] 
[2, 5, 3, 11][7, 14, 8][5, 14][5, 7][1, 2][12, 13][6, 9][3, 4][0, 1][8, 14][9, 10][9, 13][7, 9][8, 14][5, 14] 
[0, 1, 3, 5, 14, 8][7, 9, 13][1, 4][9, 12][12, 13][3, 11][10, 12][6, 9][1, 2][5, 7][1, 4][12, 13][3, 4][6, 14][3, 11] 
[1, 3, 5, 7, 14, 8][0, 1, 2, 5][5, 7, 9, 13][9, 10, 12][3, 4][1, 4][5, 14][6, 9][3, 11][3, 11][1, 3][8, 14][8, 14][5, 14][8, 14] 
[0, 1, 3, 5, 14, 8][1, 3, 5, 14, 8][5, 7, 9, 13][0, 1, 2, 5][9, 10, 12][5, 7, 9][12, 13][3, 11][1, 2][6, 9][1, 4][8, 14][8, 14][10, 12][10, 12] 
[0, 1, 2, 5, 14, 6, 9][2, 5, 3, 11][1, 4, 3][1, 2][8, 14][7, 9][9, 13][9, 10][10, 11][12, 13][5, 7][5, 14][1, 3][5, 14][12, 13] 
[4, 1, 2, 5, 3, 11, 10, 12][1, 2, 5, 7, 9, 12][0, 1, 3, 5, 14, 8][10, 12, 13, 9, 6, 14][5, 7, 9][9, 10][3, 11][12, 13][6, 14][12, 13][8, 14][10, 12][1, 2][1, 2][1, 4] 
[3, 5, 7, 14, 8][0, 1, 2][7, 9, 13][9, 10, 12][3, 4][1, 4][5, 14][6, 9][3, 11][3, 11][1, 3][8, 14][8, 14][5, 14][8, 14] 
[0, 1, 2, 5][5, 7, 9, 13][9, 10, 12][5, 14, 8][3, 4][1, 4][5, 14][6, 9][3, 11][3, 11][1, 3][8, 14][8, 14][5, 14][8, 14] 
[0, 1, 2, 5][5, 7, 9, 13][3, 11, 10, 12][9, 10, 12][3, 4][1, 4][5, 14][6, 9][3, 11][8, 14][1, 3][8, 14][8, 14][5, 14][8, 14] 
[0, 1, 2, 5, 14, 6, 9][1, 4, 3][9, 10][10, 11][8, 14][7, 9][3, 4][9, 13][12, 13][3, 5][1, 3][3, 4][1, 2][3, 5][5, 7] 
[2, 5, 7, 9, 10, 12, 13][3, 11, 10, 9, 7, 14, 8][1, 3, 5, 14, 8][0, 1, 2, 5][5, 7, 9, 13][3, 4][1, 4][5, 14][6, 9][3, 11][3, 11][1, 3][8, 14][5, 14][8, 14] 
[0, 1, 2, 5][5, 7, 9, 13][3, 11, 10, 12][9, 10, 12][3, 4][1, 4][5, 14][6, 9][3, 11][8, 14][1, 3][8, 14][8, 14][5, 14][8, 14] 
[2, 5, 3, 11][7, 14, 8][5, 14][5, 7][1, 2][12, 13][6, 9][3, 4][0, 1][8, 14][9, 10][9, 13][7, 9][8, 14][5, 14] 
[0, 1, 2, 5][5, 7, 9, 13][9, 10, 12][5, 14, 8][3, 4][1, 4][5, 14][6, 9][3, 11][3, 11][1, 3][8, 14][8, 14][5, 14][8, 14] 
[3, 5, 14][12, 13][7, 9][0, 1][3, 11][1, 2][6, 9][1, 4][9, 10][8, 14][8, 14][5, 7][2, 5][10, 12][10, 12] 
