33655.52665382145 15.0 0.6917148362235067 
40872.91199567934 16.0 0.48041104688503533 
62840.737190747546 17.0 0.27874116891457934 
82154.10791792549 15.0 0.28580603725112397 
139666.18221744997 17.0 0.03596660244059088 
138015.86983784864 15.0 0.15414258188824662 
179974.40114014913 16.0 0.006422607578676943 
251946.98864851912 15.0 0.0 
64011.08973667826 16.0 0.25305073859987154 
69784.56374532194 17.0 0.10211946050096339 
105089.18798158251 16.0 0.0680796403339756 
114070.66950698617 16.0 0.06679511881824021 
73236.70417320055 16.0 0.2350674373795761 
247742.1822771566 15.0 0.13359023763648042 
50051.27465263093 15.0 0.44508670520231214 
66855.82724354077 15.0 0.3179190751445087 
