[1, 2, 5][3, 4][3, 11][10, 11][1, 4][5, 14][10, 12][6, 14][8, 14][6, 9][5, 7][12, 13][8, 14][0, 1][8, 14] 
[3, 5, 7, 9][1, 2][2, 5][5, 14][3, 4][9, 13][8, 14][6, 9][9, 10][12, 13][10, 11][0, 1][10, 12][5, 14][5, 14] 
[0, 1, 3, 5][5, 14][8, 14][5, 7][3, 4][6, 14][6, 9][9, 12][9, 13][9, 10][2, 5][10, 11][9, 13][7, 9][10, 12] 
[0, 1, 3, 5, 7, 9, 6][2, 5][9, 13][3, 11][9, 10][3, 4][5, 14][12, 13][8, 14][5, 14][9, 12][3, 11][10, 11][10, 12][8, 14] 
[3, 11, 10, 9, 7, 5, 14, 6][8, 14, 6, 9, 12][3, 5, 7, 9][9, 13][8, 14][9, 12][3, 4][2, 5][1, 2][0, 1][12, 13][12, 13][2, 5][3, 11][6, 14] 
[9, 6, 14, 5, 2, 1, 3, 11][0, 1, 4, 3, 11, 10, 12, 13][0, 1, 4, 3, 11, 10, 12, 13][3, 4, 1, 2, 5, 7, 14, 8][5, 7, 9, 10][3, 5, 7, 9][5, 14, 8][1, 2][5, 14][12, 13][10, 11][9, 13][9, 12][3, 11][5, 14] 
[0, 1, 3, 5, 7, 9][9, 13][9, 10][5, 14][3, 11][8, 14][10, 12][3, 4][2, 5][6, 9][8, 14][8, 14][5, 14][8, 14][8, 14] 
[5, 3, 11, 10, 12, 13, 9][0, 1, 3, 5, 7, 9, 6][12, 13][3, 11][2, 5][1, 4][9, 10][5, 14][8, 14][9, 10][3, 11][5, 7][8, 14][9, 12][10, 12] 
[0, 1, 3][10, 11][10, 12][12, 13][6, 9][5, 14][5, 7][1, 2][1, 4][1, 2][9, 13][3, 11][8, 14][2, 5][1, 4] 
[3, 4, 1, 2, 5, 7, 9, 6][4, 1, 3, 11, 10, 9, 13, 12][1, 2, 5, 7, 14, 8][5, 14][8, 14][3, 11][9, 10][9, 12][0, 1][12, 13][6, 9][12, 13][12, 13][8, 14][12, 13] 
