39450.94091201028 15.0 0.5452793834296724 
54844.11734653574 16.0 0.2575465639049454 
66059.47568872834 15.0 0.22736030828516376 
72415.66040191306 16.0 0.1252408477842004 
93064.63295056067 15.0 0.10534643924778353 
118123.28517012778 16.0 0.0044964028776978415 
166139.2994733761 15.0 0.0 
52577.18552756538 16.0 0.42838792549775206 
57708.744071439156 16.0 0.21901091843288376 
72089.33399266955 17.0 0.11817597944765575 
81098.28701256648 16.0 0.0789980732177264 
43921.367334703675 15.0 0.47790339157190764 
46806.759210603144 16.0 0.4296724470134875 
65152.57339383016 16.0 0.17405266538214514 
118123.28517012778 16.0 0.0044964028776978415 
78920.23647553676 16.0 0.09570700039476142 
