39685.78365878726 15.0 0.5832476875631317 
50888.016896398396 16.0 0.3924213230571612 
81289.0054425778 15.0 0.2524102105600814 
84236.6621245683 16.0 0.13166345536287732 
112102.4636543473 17.0 0.07386947584789312 
127202.49036397903 15.0 0.1104830429750106 
164219.3009644449 16.0 0.011562178828365879 
243192.35027021394 15.0 3.8188382651109747E-177 
68750.21407855667 16.0 0.18561335902376364 
80671.5135889198 17.0 0.11241007194244605 
91759.210048849 16.0 0.08156711624919717 
47376.143224149004 15.0 0.4277456647398844 
81289.00541823814 15.0 0.2524409004766294 
148511.9533569759 16.0 0.02829189598080412 
448232.0840018558 15.0 0.0 
68749.97663038406 16.0 0.18563720452170315 
