40994.44123314065 15.0 0.5260115606936416 
57441.540684748776 16.0 0.27360308285163776 
73183.84938601698 15.0 0.2491971740526654 
75779.69931206189 16.0 0.14964675658317278 
84565.0751170725 15.0 0.16251334192726138 
145920.73229759917 17.0 0.014129736673089274 
169929.19016849747 15.0 0.0 
60307.56135366884 16.0 0.2588310854206808 
63433.44160838211 17.0 0.18240205523442518 
74273.2227154568 17.0 0.10533076429030186 
81979.11070626271 15.0 0.16636690372977364 
94501.86378037494 16.0 0.09184328837508028 
128893.21412771862 16.0 0.0571944548600412 
78501.14529195751 15.0 0.1779271051177813 
59633.60979067434 15.0 0.42456637086371907 
55533.02347528607 16.0 0.35260115606936415 
