36695.80924855492 15.0 0.6249197174052665 
79016.188450086 15.0 0.2909441233140655 
78247.42371856378 16.0 0.1245985870263327 
107197.99560769081 15.0 0.09569685292228645 
112400.51838822175 16.0 0.0263360739979445 
230642.41947137954 15.0 0.0 
55224.9144222875 16.0 0.28644829800899163 
61696.097019283465 17.0 0.19845857418111754 
70719.32577408763 18.0 0.12846865364850976 
100694.01949259551 15.0 0.2138728323699422 
88613.50116651191 16.0 0.08222612465241283 
109156.6319567179 16.0 0.08220937700706486 
39188.65039361364 15.0 0.6140012845215157 
129196.88518194131 15.0 0.038547937938718344 
70719.32577408763 18.0 0.12846865364850976 
131780.34021915068 17.0 0.026332691072575465 
