34435.847784200385 15.0 0.6583172768143867 
60029.13032257948 16.0 0.22800256904303148 
67785.84744428429 15.0 0.24216159699408626 
98429.31633274151 16.0 0.06679511881824021 
126090.92348976841 15.0 0.12652536929993577 
238271.43975183825 16.0 0.0 
213920.42510116624 15.0 9.643519121337814E-10 
57952.28260475259 16.0 0.31213872832369943 
69797.84289414326 16.0 0.12652536929993577 
85562.59912024044 15.0 0.20427002718008916 
151765.21669060367 16.0 0.01798330122041931 
42725.46248662633 15.0 0.468237379906107 
112740.45888104671 16.0 0.030832476875576997 
282394.1412887715 15.0 0.0 
53854.55756174281 16.0 0.3121788283654852 
87093.04907151498 16.0 0.10276172125883108 
