40110.934489402694 15.0 0.5266538214515093 
55377.412107441385 16.0 0.25497752087347464 
71307.01832205517 15.0 0.27167630057803466 
77358.46409515504 16.0 0.12716763005780346 
140655.94266529384 15.0 0.1310380267212022 
124008.84737872134 16.0 0.009633911368015413 
191610.83465725314 15.0 0.0 
68011.52150062054 16.0 0.15095066803699897 
76469.50680318732 17.0 0.11047759532952267 
82137.78527393052 16.0 0.0680796403339756 
46876.184971098264 15.0 0.48041104688503533 
68569.96867160019 15.0 0.32883750802825945 
72029.99248826623 16.0 0.15093127809890816 
140655.94266529384 15.0 0.1310380267212022 
104622.62892888646 16.0 0.022498516463460117 
68011.52150062054 16.0 0.15095066803699897 
