[5, 14, 6][3, 4][3, 11][10, 11][1, 4][1, 2][5, 7][12, 13][8, 14][0, 1][1, 3][8, 14][9, 10][2, 5][9, 13] 
[0, 1, 2][5, 7, 9][1, 3][2, 5][3, 11][3, 4][9, 13][9, 10][6, 9][10, 12][6, 14][8, 14][8, 14][8, 14][10, 11] 
[0, 1, 3, 5][5, 14, 6][6, 9][3, 11][9, 10][2, 5][3, 4][5, 7][8, 14][9, 12][12, 13][8, 14][10, 11][5, 7][8, 14] 
[1, 2, 5, 7, 9][0, 1, 3, 5][5, 14, 6][8, 14][5, 14][3, 11][9, 13][9, 10][10, 12][6, 9][3, 4][8, 14][8, 14][8, 14][3, 11] 
[13, 12, 9, 6, 14][0, 1, 3, 5][5, 14, 6][2, 5][6, 14][3, 4][3, 11][8, 14][9, 10][7, 9][12, 13][5, 7][10, 11][9, 10][1, 4] 
[0, 1, 2, 5, 7, 9][2, 5, 14, 6, 9, 12][4, 3, 11, 10, 9][9, 13][6, 9][10, 12][5, 14][8, 14][3, 5][10, 12][3, 11][3, 4][8, 14][1, 3][8, 14] 
[2, 5, 7, 14, 6, 9, 12, 13][8, 14, 5, 7, 9, 10, 12, 13][0, 1, 2, 5, 7, 9][4, 3, 11, 10, 9][5, 14][12, 13][1, 3][3, 4][3, 5][1, 4][3, 5][8, 14][12, 13][8, 14][1, 3] 
[5, 7, 9][10, 12, 13][9, 13][6, 9][5, 14][8, 14][3, 5][3, 4][2, 5][3, 11][1, 3][0, 1][9, 10][5, 14][10, 11] 
[0, 1, 3, 5][5, 7, 9][9, 10][6, 14][8, 14][10, 11][1, 4][10, 12][12, 13][2, 5][12, 13][8, 14][6, 14][6, 14][6, 9] 
[0, 1, 3, 5][5, 14, 6][5, 7, 9][8, 14][2, 5][9, 13][9, 10][10, 12][10, 11][3, 4][6, 14][8, 14][6, 14][3, 11][1, 3] 
[0, 1, 3, 5][12, 9, 6, 14][5, 14, 6][2, 5][6, 14][3, 4][3, 11][8, 14][9, 10][7, 9][12, 13][5, 7][10, 11][9, 10][1, 4] 
[1, 2, 5, 7, 9][10, 12, 13][5, 14][3, 5][3, 11][8, 14][9, 13][1, 4][6, 9][0, 1][9, 10][9, 10][6, 9][3, 4][10, 11] 
[5, 14, 6, 9, 13, 12, 10, 11][2, 1, 4, 3, 5, 14][5, 7, 9][10, 12, 13][9, 13][6, 9][8, 14][3, 4][2, 5][3, 11][1, 3][0, 1][9, 10][5, 14][10, 11] 
[0, 1, 3, 5][13, 9, 6, 14][5, 14, 6][2, 5][6, 14][3, 4][3, 11][8, 14][9, 10][7, 9][12, 13][5, 7][10, 11][9, 10][1, 4] 
[0, 1, 3, 5][6, 9][6, 14][3, 11][9, 10][2, 5][3, 4][5, 7][8, 14][9, 12][12, 13][8, 14][10, 11][5, 7][8, 14] 
[2, 5, 7, 9][1, 4][0, 1][9, 10][10, 12][6, 9][3, 5][6, 14][8, 14][3, 11][12, 13][3, 11][8, 14][3, 11][3, 4] 
