[1, 2][1, 4][1, 3][3, 11][0, 1][2, 5][5, 7][5, 14][6, 14][8, 14][6, 9][9, 10][10, 12][12, 13][8, 14] 
[1, 2, 5, 7][11, 10, 12][0, 1][3, 5][1, 4][7, 9][9, 10][12, 13][6, 9][6, 14][8, 14][6, 14][8, 14][8, 14][8, 14] 
[4, 1, 2, 5, 14][11, 10, 12][5, 7][0, 1][7, 9][9, 10][8, 14][12, 13][6, 14][3, 5][1, 3][8, 14][8, 14][8, 14][6, 9] 
[0, 1, 2, 5, 7, 9][8, 14][6, 14][6, 9][3, 11][1, 4][12, 13][8, 14][8, 14][1, 3][8, 14][8, 14][9, 10][9, 12][8, 14] 
[4, 3, 1, 2, 5, 14, 8][4, 3, 11, 10][10, 12, 13][8, 14][1, 4][5, 7][0, 1][3, 11][6, 14][7, 9][9, 10][5, 14][9, 10][6, 9][6, 9] 
[4, 1, 2, 5, 14, 8][0, 1, 2, 5, 7, 9][6, 9, 12, 10, 11][5, 3, 11, 10][8, 14][12, 13][8, 14][8, 14][8, 14][9, 10][8, 14][8, 14][6, 14][12, 13][8, 14] 
[3, 5, 7, 9, 13, 12][4, 1, 2, 5, 14, 8][0, 1, 2, 5, 7, 9][4, 3, 11, 10][6, 9, 10, 11][10, 12][10, 11][6, 14][8, 14][1, 3][8, 14][8, 14][1, 4][6, 14][3, 5] 
[1, 2, 5, 7][11, 10, 12][0, 1][1, 4][7, 9][3, 5][6, 9][3, 11][6, 14][8, 14][12, 13][8, 14][12, 13][6, 14][10, 12] 
[1, 2, 5, 7][6, 9, 10][1, 3, 11][1, 4][3, 5][7, 9][6, 14][8, 14][0, 1][10, 12][12, 13][10, 11][6, 14][8, 14][8, 14] 
[0, 1, 2, 5, 7, 9][6, 9, 10][6, 14][8, 14][10, 12][10, 11][12, 13][1, 4][12, 13][6, 14][8, 14][8, 14][3, 5][8, 14][8, 14] 
[0, 1, 2, 5, 7, 9][6, 9, 10, 11][1, 3, 11][9, 13][1, 4][6, 14][8, 14][12, 13][8, 14][6, 14][8, 14][2, 5][8, 14][8, 14][8, 14] 
[6, 9, 10][1, 3, 11][1, 4][2, 5][3, 5][7, 9][6, 14][8, 14][0, 1][10, 12][12, 13][10, 11][6, 14][8, 14][8, 14] 
[1, 2, 5, 7][12, 13][10, 12][10, 11][3, 11][6, 9][6, 14][0, 1][8, 14][1, 4][7, 9][6, 14][3, 5][8, 14][8, 14] 
[1, 2, 5, 7, 9][8, 14][6, 14][6, 9][1, 3][1, 4][9, 10][3, 11][12, 13][10, 12][0, 1][12, 13][8, 14][8, 14][8, 14] 
[4, 1, 2, 5, 14, 8][0, 1, 2, 5, 7, 9][6, 9, 12, 10, 11][5, 3, 11, 10][8, 14][12, 13][8, 14][8, 14][8, 14][9, 10][8, 14][8, 14][6, 14][12, 13][8, 14] 
[0, 1, 2, 5, 7, 9][6, 9, 10, 11][9, 13][1, 3][1, 4][6, 14][8, 14][12, 13][8, 14][6, 14][8, 14][2, 5][8, 14][8, 14][8, 14] 
