40210.43008720257 15.0 0.594169008311105 
55693.89061262467 16.0 0.4323087274377695 
74482.89842828189 15.0 0.2196813977386413 
85706.98513208189 16.0 0.0828626962219391 
90524.55371879309 15.0 0.07322837028853203 
193162.7338746317 16.0 0.0 
202213.1881974125 15.0 1.2838166951963392E-12 
66472.59691058131 16.0 0.3429674097856794 
80591.42452164073 16.0 0.1329479768786129 
114814.724981181 16.0 0.04946183370580963 
44146.098384713754 15.0 0.5234980486483543 
74482.89842828189 15.0 0.2196813977386413 
170666.1360650551 16.0 0.0012851815139451434 
227072.555973406 15.0 0.0 
66472.5968858273 16.0 0.3430112996030553 
100670.32648987723 16.0 0.06037539972791008 
