36355.79329393628 15.0 0.625642343266993 
79779.40493574183 15.0 0.27234801824981353 
112078.67119588832 16.0 0.03603986243291332 
131977.45843884884 15.0 0.1310523013974192 
195534.52010297574 16.0 0.0 
233080.13627263386 15.0 0.0 
64597.54039840907 16.0 0.2954574471249066 
82308.67625640622 16.0 0.13622586739782247 
108971.472099472 16.0 0.1117883523575231 
36355.79329393628 15.0 0.625642343266993 
80759.1695426934 15.0 0.27233292079028354 
121015.0802772465 16.0 0.03211766729125664 
186839.89979785276 16.0 0.002569373072970202 
184779.6228687602 15.0 0.002569373073021922 
71564.70535634064 16.0 0.25244345833054815 
79416.04753841029 16.0 0.17471242464578007 
