35276.01490236382 15.0 0.6352774922912 
59041.51202130574 16.0 0.46698355601194086 
69220.65449804744 15.0 0.28387925497752087 
77581.33214249338 16.0 0.16895492694507191 
92669.27784287761 17.0 0.030831899377201998 
91156.58975986084 15.0 0.10663731697723604 
162124.9604876019 16.0 0.005781171818571442 
186391.85515268816 15.0 0.0 
67592.85687052667 16.0 0.2768959894017073 
78086.71024851593 15.0 0.16893628194308863 
92838.81480463332 16.0 0.10341767873906216 
92489.21134750576 15.0 0.106628983598841 
66327.43997470297 15.0 0.304468064130376 
35276.01490236902 15.0 0.6352774845972717 
61749.9600041364 16.0 0.4662945944352908 
151859.31750075886 16.0 0.015417393689045957 
