39285.66480343566 15.0 0.6011560726497387 
72910.03216106111 17.0 0.2562620424104073 
76590.73842180325 15.0 0.2614001327657961 
95326.68245475789 16.0 0.16441875402528103 
113153.87505632691 17.0 0.012847115365119947 
104975.08430549192 15.0 0.10470195530904841 
182154.0102164204 16.0 3.03592482257073E-27 
213661.3399695185 15.0 4.898927744619685E-38 
75988.29082104124 16.0 0.3487579043757703 
76556.15202903702 17.0 0.22996226872734882 
97721.86858981437 15.0 0.2055368942942764 
106196.91994502163 16.0 0.08028556537183938 
57281.79552263901 15.0 0.5317919075144508 
90851.58378874564 16.0 0.16442065172095963 
173425.28933193593 16.0 2.3634674743713134E-23 
104159.40228261016 17.0 0.014773647670567132 
