36425.77719616719 15.0 0.6313889477759658 
73112.28758396122 15.0 0.3205393562920706 
82614.90536700752 16.0 0.16831786061090895 
97513.27432174128 15.0 0.07579807331811862 
102157.06112577248 16.0 0.037251123956326265 
170791.7881545368 15.0 2.6312979381893823E-40 
54086.14579467554 16.0 0.34945907848452856 
70420.83396689268 17.0 0.29421078570391196 
89287.34832751688 16.0 0.1394154732278079 
93706.47266885411 17.0 0.08607399927985473 
98677.5519362537 16.0 0.06872775970999527 
41365.91533915725 15.0 0.538926002055097 
66120.66175500597 15.0 0.3988851046058179 
186931.2761842332 15.0 3.3799588159144283E-44 
59407.00343876475 16.0 0.33402048286171926 
138146.71265380023 16.0 0.02633772387692201 
