38795.51214733849 15.0 0.5677585099550417 
67166.62486272048 15.0 0.2755300301247933 
76085.40947494781 16.0 0.15544195371345237 
114890.26013923876 17.0 0.021197080321354624 
94487.00368736901 15.0 0.1072609301251826 
159982.73241425678 16.0 3.213322914969564E-13 
179832.35872650368 15.0 5.650807527120658E-45 
62516.056658396665 16.0 0.26204238921001927 
79103.22378446526 17.0 0.11560965922675932 
91112.13678537348 16.0 0.08413615928066795 
42953.80237418415 15.0 0.5389260020554983 
137726.7278627677 15.0 0.10662906370329162 
159833.0790887334 16.0 0.028274323655648907 
191108.45922140704 15.0 7.258583849865971E-49 
70572.5019969415 16.0 0.2588341379124009 
96108.45901158448 16.0 0.06294155427135537 
