[3, 4][7, 9][12, 13][10, 11][2, 5][10, 12][0, 1][3, 11][1, 3][7, 14][8, 14][8, 14][9, 13][6, 14][1, 2] 
[0, 1, 2, 5][1, 4][3, 5][5, 7][9, 12][5, 14][10, 12][10, 11][7, 9][6, 9][6, 9][8, 14][9, 13][6, 14][1, 2] 
[9, 7, 5, 2, 1, 4, 3, 11][7, 14, 6, 9, 12, 13][3, 4][12, 13][10, 11][2, 5][10, 12][0, 1][3, 11][1, 3][8, 14][8, 14][9, 13][6, 14][1, 2] 
[8, 14, 7, 9, 10, 12, 13][5, 7, 9, 10, 11][1, 3, 11, 10][0, 1, 3, 4][0, 1, 4][7, 14, 8][3, 4][12, 13][10, 11][2, 5][6, 9][5, 14][9, 13][6, 14][1, 2] 
[8, 14, 7, 5, 3, 11, 10][0, 1, 4, 3, 5, 2][5, 7, 9, 13, 12][0, 1, 2, 5][5, 14, 6, 9][1, 4][10, 11][10, 11][10, 12][7, 9][6, 9][8, 14][9, 13][6, 14][1, 2] 
[8, 14, 7, 5, 3, 11, 10][0, 1, 4, 3, 5, 2][3, 1, 2, 5, 7, 9][5, 7, 9, 13, 12][3, 5, 14, 6, 9][11, 10, 12][9, 10, 12][0, 1, 2][1, 4][10, 11][6, 9][8, 14][9, 13][6, 14][1, 2] 
[4, 3, 5, 14, 8][1, 2, 5, 7][3, 4][7, 9][12, 13][10, 11][2, 5][10, 12][0, 1][3, 11][1, 3][6, 9][8, 14][9, 13][6, 14] 
[2, 1, 4, 3, 5, 14, 8][12, 10, 9, 13][1, 2, 5, 7][3, 4][7, 9][12, 13][10, 11][2, 5][10, 12][0, 1][3, 11][1, 3][6, 9][8, 14][6, 14] 
[1, 2, 5, 14, 6, 9][0, 1, 2, 5][1, 4][3, 5][5, 7][9, 12][5, 14][10, 12][10, 11][7, 9][6, 9][8, 14][9, 13][6, 14][1, 2] 
[3, 4][7, 9][12, 13][10, 11][2, 5][10, 12][0, 1][3, 11][1, 3][7, 14][8, 14][8, 14][9, 13][6, 14][1, 2] 
[0, 1, 2, 5][1, 4][3, 5][5, 7][9, 12][5, 14][10, 12][10, 11][7, 9][6, 9][6, 9][8, 14][9, 13][6, 14][1, 2] 
[9, 7, 5, 2, 1, 4, 3, 11][5, 7, 14, 6, 9, 12, 13][3, 4][12, 13][10, 11][2, 5][10, 12][0, 1][3, 11][1, 3][8, 14][8, 14][9, 13][6, 14][1, 2] 
[1, 3, 5, 14, 7, 9, 12, 10][1, 4, 3, 11, 10, 9, 12][0, 1, 2, 5, 14][7, 9][12, 13][10, 11][2, 5][10, 12][10, 11][6, 9][5, 14][8, 14][9, 13][6, 14][3, 4] 
[0, 1, 4, 3, 11, 10, 9, 12][1, 3, 5, 14, 7, 9, 12, 10][0, 1, 2, 5, 14][5, 7, 9][12, 13][10, 11][2, 5][10, 12][10, 11][6, 9][5, 14][8, 14][9, 13][6, 14][3, 4] 
[0, 1, 2, 5][9, 7, 14][1, 4][3, 5][5, 7][9, 12][5, 14][10, 12][10, 11][6, 9][6, 9][8, 14][9, 13][6, 14][1, 2] 
[4, 3, 5, 14, 8][12, 10, 9, 13][1, 2, 5, 7][3, 4][7, 9][12, 13][10, 11][2, 5][10, 12][0, 1][3, 11][1, 3][6, 9][8, 14][6, 14] 
