[4, 3, 11][7, 14][1, 2][8, 14][9, 13][8, 14][12, 13][8, 14][0, 1][9, 10][2, 5][10, 11][6, 14][1, 3][5, 7] 
[7, 9, 6, 14, 8][9, 13, 12][0, 1, 4][7, 14][1, 2][5, 14][5, 14][12, 13][8, 14][9, 10][2, 5][10, 11][6, 14][1, 3][5, 7] 
[0, 1, 4, 3, 5][5, 7, 9][7, 14, 8][6, 9][1, 2][5, 14][9, 13][3, 11][12, 13][9, 10][2, 5][3, 4][6, 14][1, 3][1, 3] 
[0, 1, 4, 3, 5, 14][8, 14, 7, 9, 12][3, 11, 10, 12][5, 7, 9][6, 9][1, 2][5, 14][9, 13][12, 13][9, 10][2, 5][3, 4][6, 14][1, 3][1, 3] 
[3, 5, 7, 14, 6, 9][3, 11, 10, 12][5, 7, 9][1, 2][5, 14][9, 13][12, 13][8, 14][0, 1][9, 10][2, 5][3, 4][6, 14][1, 3][1, 3] 
[1, 2, 5, 7, 9, 6, 14, 8][0, 1, 4, 3, 11, 10, 12, 13][1, 3, 5, 7][7, 14][1, 2][5, 14][9, 13][5, 14][12, 13][8, 14][0, 1][9, 10][2, 5][6, 14][5, 7] 
[0, 1, 4, 3, 11, 10, 9, 13][5, 7, 9, 6, 14, 8][3, 5, 14, 6, 9, 10][1, 2, 5, 7, 9][9, 13, 12, 10][7, 14][5, 14][5, 14][12, 13][8, 14][2, 5][10, 11][6, 14][1, 3][5, 7] 
[5, 7, 9, 6, 14, 8][0, 1, 4][7, 14][1, 2][5, 14][9, 13][5, 14][12, 13][8, 14][9, 10][2, 5][10, 11][6, 14][1, 3][5, 7] 
[0, 1, 4, 3, 5, 14][5, 7, 9][7, 14, 8][6, 9][1, 2][5, 14][9, 13][3, 11][12, 13][9, 10][2, 5][3, 4][6, 14][1, 3][1, 3] 
[1, 2, 5, 7, 9][9, 13, 12, 10][0, 1, 4][6, 9, 10][7, 14][5, 14][8, 14][5, 14][12, 13][8, 14][2, 5][10, 11][6, 14][1, 3][5, 7] 
[4, 3, 11][7, 14][1, 2][5, 14][6, 9][9, 13][5, 14][12, 13][8, 14][0, 1][9, 10][2, 5][6, 14][1, 3][5, 7] 
[3, 5, 7, 14, 6, 9][3, 11, 10, 9, 13, 12][3, 11, 10, 12][5, 7, 9][1, 2][5, 14][9, 13][12, 13][8, 14][0, 1][2, 5][3, 4][6, 14][1, 3][1, 3] 
[4, 1, 3, 5, 7, 14, 8][0, 1, 4, 3, 5, 14][3, 11, 10, 9, 13][5, 7, 9][6, 9][1, 2][5, 14][9, 13][12, 13][9, 10][2, 5][3, 4][6, 14][1, 3][1, 3] 
[0, 1, 4, 3, 11, 10, 9, 13][5, 7, 9, 6, 14, 8][3, 5, 14, 6, 9, 10][1, 2, 5, 7, 9][9, 13, 12, 10][1, 3, 4][7, 14][5, 14][5, 14][12, 13][8, 14][2, 5][10, 11][6, 14][5, 7] 
[5, 14, 6, 9, 10][0, 1, 4, 3][7, 14][1, 2][5, 14][8, 14][9, 13][5, 14][12, 13][8, 14][2, 5][10, 11][6, 14][1, 3][5, 7] 
[1, 2, 5, 7, 9, 6, 14, 8][0, 1, 4][7, 14][1, 2][5, 14][9, 13][5, 14][12, 13][8, 14][9, 10][2, 5][10, 11][6, 14][1, 3][5, 7] 
