[3, 11][1, 2][7, 14][0, 1][10, 11][2, 5][8, 14][3, 4][5, 14][9, 13][1, 3][10, 12][12, 13][6, 14][1, 4] 
[3, 11, 10][1, 2, 5][3, 5][7, 14][6, 14][0, 1][9, 10][10, 12][3, 4][7, 14][7, 9][8, 14][6, 14][12, 13][7, 9] 
[10, 9, 6, 14][1, 2, 5][10, 11][3, 5][6, 14][0, 1][6, 14][10, 12][3, 4][5, 7][7, 9][8, 14][6, 14][12, 13][7, 9] 
[2, 5, 7, 14, 6, 9, 10][0, 1, 3, 4][3, 11][1, 2][7, 14][10, 11][8, 14][3, 4][5, 14][9, 13][1, 3][10, 12][12, 13][6, 14][1, 4] 
[1, 3, 5, 7, 14, 6, 9][10, 9, 12][3, 11][1, 2][0, 1][10, 11][3, 11][8, 14][3, 4][5, 14][9, 13][10, 12][12, 13][6, 14][1, 4] 
[4, 1, 3, 11, 10][1, 2, 5, 7][12, 9, 6, 14][3, 5][7, 14][0, 1][9, 10][10, 12][3, 4][7, 14][7, 9][8, 14][6, 14][12, 13][7, 9] 
[4, 3, 1, 2, 5, 7, 14, 6][7, 14, 6, 9, 10, 12][0, 1, 4, 3, 11, 10][11, 10, 9, 6, 14][9, 13, 12, 10][10, 11][3, 5][1, 2][6, 14][3, 4][7, 14][7, 9][8, 14][12, 13][7, 9] 
[4, 3, 1, 2, 5, 7, 14, 6][5, 14, 6, 9, 13, 12, 10][1, 2, 5, 7, 14, 8][7, 14, 6, 9, 10, 12][0, 1, 4, 3, 11, 10][10, 11][3, 5][6, 14][6, 14][3, 4][7, 14][7, 9][8, 14][12, 13][7, 9] 
[5, 14, 7, 9, 12][3, 11][1, 2][7, 14][0, 1][10, 11][2, 5][8, 14][3, 4][9, 13][1, 3][10, 12][12, 13][6, 14][1, 4] 
[2, 5, 7, 14, 6, 9, 10][0, 1, 3, 4][5, 7, 9, 13][3, 11][1, 2][7, 14][10, 11][8, 14][3, 4][5, 14][1, 3][10, 12][12, 13][6, 14][1, 4] 
[4, 1, 3, 11, 10][1, 2, 5, 7][12, 9, 6, 14][7, 9, 13][6, 14, 8][3, 5][7, 14][0, 1][9, 10][10, 12][3, 4][7, 14][6, 14][12, 13][7, 9] 
[4, 1, 3, 11, 10][1, 2, 5, 7][12, 9, 6, 14][6, 14, 8][3, 5][7, 14][0, 1][9, 10][10, 12][3, 4][7, 14][7, 9][6, 14][12, 13][7, 9] 
[1, 2, 5][6, 9, 10][10, 11][3, 5][6, 14][0, 1][6, 14][10, 12][3, 4][5, 7][7, 9][8, 14][6, 14][12, 13][7, 9] 
[3, 11][1, 2][7, 14][0, 1][10, 11][2, 5][8, 14][3, 4][5, 14][9, 13][1, 3][10, 12][12, 13][6, 14][1, 4] 
[1, 3, 11, 10][3, 5][1, 2][7, 14][6, 14][0, 1][9, 10][10, 12][3, 4][7, 14][7, 9][8, 14][6, 14][12, 13][7, 9] 
[3, 11, 10, 12, 13, 9, 6, 14][1, 3, 5, 7, 14, 6, 9][4, 1, 2, 5, 14, 7, 9][10, 9, 12][3, 11][1, 2][0, 1][10, 11][3, 11][8, 14][3, 4][5, 14][9, 13][10, 12][12, 13] 
