[8, 14][2, 5][0, 1][9, 13][6, 9][10, 12][1, 4][12, 13][3, 4][7, 9][3, 5][10, 11][3, 11][5, 14][8, 14] 
[6, 9, 12, 10][5, 7, 9][3, 4][1, 4][10, 11][12, 13][0, 1][5, 14][8, 14][9, 13][1, 3][12, 13][2, 5][12, 13][3, 5] 
[0, 1, 2, 5, 14, 6][7, 9, 10, 11][9, 12][9, 13][10, 12][5, 7][8, 14][7, 14][5, 14][1, 4][1, 2][1, 2][9, 13][12, 13][3, 4] 
[0, 1, 2, 5, 14, 6, 9][9, 12][9, 13][10, 12][5, 7][10, 11][8, 14][7, 14][8, 14][1, 4][1, 2][1, 2][9, 13][12, 13][3, 4] 
[0, 1, 2, 5, 14, 6, 9, 10][3, 5, 7][5, 14, 8][9, 12][9, 13][10, 12][10, 11][7, 14][5, 14][1, 4][1, 2][1, 2][9, 13][12, 13][3, 4] 
[10, 11, 3, 4, 1, 2, 5, 14][0, 1, 2, 5, 14, 6][7, 9, 10][9, 12][9, 13][10, 12][5, 7][8, 14][7, 14][1, 4][1, 2][1, 2][9, 13][12, 13][3, 4] 
[0, 1, 2, 5, 14, 6, 9, 12][3, 4, 1, 2, 5, 14, 8][3, 11, 10, 9, 7][9, 7, 14][9, 12][9, 13][10, 12][7, 14][5, 14][1, 4][1, 2][1, 2][9, 13][12, 13][3, 4] 
[0, 1, 4, 3, 11, 10, 12, 13][8, 14, 6, 9, 10, 12, 13][10, 12, 13, 9, 7, 5, 14][0, 1, 2, 5, 3, 4][2, 5, 7, 9][3, 11, 10][3, 4][1, 4][12, 13][10, 12][3, 4][9, 13][1, 3][12, 13][2, 5] 
[10, 12, 9, 6, 14][3, 4][3, 11][10, 11][12, 13][0, 1][5, 14][8, 14][9, 13][7, 9][1, 3][12, 13][2, 5][12, 13][2, 5] 
[6, 9, 12, 10][3, 11, 10][5, 7, 9][3, 4][1, 4][12, 13][0, 1][5, 14][8, 14][9, 13][1, 3][12, 13][2, 5][12, 13][3, 5] 
[10, 11, 3, 4, 1, 2, 5, 14][0, 1, 2, 5, 14, 6][9, 12][9, 13][10, 12][5, 7][7, 9][8, 14][7, 14][1, 4][1, 2][1, 2][9, 13][12, 13][3, 4] 
[1, 2, 5, 14, 6, 9, 12, 10][3, 4][3, 11][10, 11][12, 13][0, 1][5, 14][8, 14][9, 13][7, 9][1, 3][12, 13][2, 5][12, 13][2, 5] 
[5, 7, 9][5, 14][1, 4][10, 11][12, 13][0, 1][10, 12][3, 4][8, 14][9, 13][10, 12][6, 14][12, 13][2, 5][3, 11] 
[0, 1, 2, 5, 14, 6, 9][9, 12][9, 13][10, 12][5, 7][10, 11][8, 14][7, 14][5, 14][1, 4][1, 2][1, 2][9, 13][12, 13][3, 4] 
[0, 1, 2, 5, 14, 6, 9, 12][3, 4, 1, 2, 5, 14, 8][3, 11, 10, 9, 7][9, 12][9, 13][10, 12][7, 9][7, 14][5, 14][1, 4][1, 2][1, 2][9, 13][12, 13][3, 4] 
[0, 1, 2, 5, 14, 6, 9, 10][3, 5, 7][9, 12][9, 13][10, 12][10, 11][8, 14][7, 14][5, 14][1, 4][1, 2][1, 2][9, 13][12, 13][3, 4] 
