41584.84257778871 15.0 0.6435452793834296 
60457.09026683014 16.0 0.22029543994861914 
67243.01011728666 15.0 0.2222222222222222 
101069.68667764883 16.0 0.03405095763677741 
111720.6618594644 15.0 0.12525693730729703 
185547.37103329235 16.0 0.0012845215157353885 
191196.0201965545 15.0 0.0 
47052.266802674836 16.0 0.4193962748876044 
73419.8772628806 16.0 0.08670520231213873 
45061.38466194195 15.0 0.5800359712226444 
77622.97567161174 15.0 0.211974595018911 
84301.53094622608 16.0 0.055876685934489405 
182344.65139800095 16.0 0.014131553098798058 
191196.0201965545 15.0 0.0 
67517.95035407752 16.0 0.17662170841361594 
46773.04710356116 15.0 0.5080282594733462 
