35924.754051909775 15.0 0.6608863198458574 
59740.78602990994 15.0 0.26653821451509313 
72936.53713213814 16.0 0.17533718689788053 
112923.99240178759 15.0 0.19912641315519014 
93198.24911643109 16.0 0.06294155427103404 
155800.4778755648 15.0 0.0 
54745.28661560964 17.0 0.3416827231856134 
77179.83517722477 15.0 0.2248201438848921 
76939.24289380695 16.0 0.09249743062692703 
92698.1262926386 16.0 0.08350198350086975 
39848.3082586774 15.0 0.5061014771997431 
59717.43687632294 15.0 0.2678516146620276 
142999.40532820276 15.0 0.04110468850353243 
76939.24289380695 16.0 0.09249743062692703 
92698.1262926386 16.0 0.08350198350086975 
76939.24289380695 16.0 0.09249743062692703 
