34095.70969813744 15.0 0.6358381502890174 
70779.6002898929 15.0 0.2575465639049454 
91564.83397438463 16.0 0.04496402926451561 
91487.65665979151 15.0 0.10084789311408016 
157596.29409714145 16.0 0.0 
198683.23807026283 15.0 0.0 
66850.48087961825 16.0 0.28644829800899163 
70816.90914271757 16.0 0.11496467565831728 
128310.31028218636 16.0 0.02697495183044316 
37453.089743208046 15.0 0.5421497544187911 
70864.57881824125 15.0 0.2556197816313423 
91572.33129908836 16.0 0.044964028777041046 
91487.65666527512 15.0 0.1008478931140611 
174795.85105705378 15.0 0.028264341458294966 
78786.1546282188 16.0 0.10661528580603725 
61747.67290172055 15.0 0.400134227877876 
