36680.838257951225 15.0 0.6160056990845413 
78268.30490097101 15.0 0.24537908440923353 
87929.65803516348 16.0 0.03789668470524274 
112040.05671054691 15.0 0.18114080164439877 
149478.79054833206 16.0 0.0 
192256.72713439073 15.0 0.0 
65682.7473648419 16.0 0.3333333333333333 
73437.62640021251 16.0 0.09441233140655106 
120203.93624897249 16.0 0.02119732785200411 
128684.99786026766 15.0 0.16123896918805097 
78269.27272114118 15.0 0.24537512897680272 
57072.848687322556 16.0 0.3622350674373796 
98186.81237624567 16.0 0.02569043031470777 
72342.1161867923 17.0 0.20809248554913296 
53447.780755481406 15.0 0.4174962225414963 
191120.43075472294 15.0 0.023763648041104687 
