43628.56379160528 15.0 0.46563904945407836 
61535.691556356294 16.0 0.1901091843288375 
83633.49141661498 15.0 0.2588437903862186 
102460.37620763354 16.0 0.015416238437821172 
104918.72518504324 15.0 0.071942446043013 
180809.9524998158 16.0 0.0 
221099.07681236265 15.0 0.0 
60675.717628091705 16.0 0.22800256904303148 
80468.04927736933 16.0 0.09377007064868337 
155811.4060922432 16.0 0.0051400663119380635 
71710.27181935338 15.0 0.2825947334617855 
120230.08478130744 16.0 0.015416238437821167 
104924.70150173336 15.0 0.07194244485611832 
194114.0796251421 15.0 0.025048169556840076 
56310.12616046576 16.0 0.28968888921888797 
155942.78258716545 16.0 0.005138746315518554 
