[3, 11, 10][7, 14][8, 14][6, 14][5, 14][2, 5][7, 9][1, 2][9, 13][1, 3][0, 1][3, 4][10, 12][3, 4][1, 4] 
[1, 2, 5, 7][1, 3][3, 4][0, 1][7, 9][9, 10][10, 11][9, 13][10, 12][7, 14][6, 9][8, 14][1, 4][6, 14][8, 14] 
[3, 1, 2, 5][5, 14, 6][0, 1][3, 4][8, 14][6, 9][7, 9][9, 12][9, 10][9, 13][10, 11][5, 7][1, 3][8, 14][6, 14] 
[8, 14, 5, 2, 1, 4, 3, 11][3, 1, 2, 5, 7, 9][0, 1, 4][9, 10][7, 14][10, 11][1, 4][9, 12][9, 13][6, 9][8, 14][7, 14][7, 14][8, 14][8, 14] 
[2, 5, 14, 6][3, 1, 2, 5][1, 2, 5, 7][3, 11, 10][9, 10][6, 9][7, 9][9, 13][3, 4][8, 14][10, 12][0, 1][8, 14][9, 10][6, 9] 
[0, 1, 3, 11, 10, 12, 13][4, 3, 11, 10, 9, 7][0, 1, 3, 5, 14, 8][1, 2, 5, 7][1, 2, 5, 7][5, 14, 6][8, 14][7, 14][1, 4][9, 13][6, 9][8, 14][10, 11][1, 4][10, 12] 
[0, 1, 3, 11, 10, 12, 13][4, 3, 11, 10, 9, 7][0, 1, 3, 5, 14, 8][1, 2, 5, 14, 6][1, 2, 5, 7][5, 14, 6][8, 14][6, 9][1, 4][8, 14][8, 14][7, 14][8, 14][8, 14][9, 10] 
[5, 7, 9][10, 12][10, 11][1, 2][7, 14][0, 1][6, 9][8, 14][1, 4][3, 4][12, 13][2, 5][8, 14][8, 14][9, 13] 
[3, 1, 2, 5, 7, 9][9, 10][7, 14][10, 11][1, 4][0, 1][9, 12][9, 13][6, 9][8, 14][7, 14][7, 14][8, 14][8, 14][8, 14] 
[2, 1, 3][3, 11, 10][6, 14][0, 1][8, 14][7, 14][7, 9][3, 4][9, 13][10, 12][6, 9][5, 14][8, 14][2, 5][8, 14] 
[3, 1, 2, 5][2, 1, 3, 4][5, 14, 6][0, 1][8, 14][6, 9][7, 9][9, 12][9, 10][9, 13][10, 11][5, 7][1, 3][8, 14][6, 14] 
[9, 7, 5, 2, 1, 3, 11, 10][7, 14][9, 12][8, 14][1, 4][9, 13][6, 9][0, 1][7, 14][7, 14][8, 14][9, 10][8, 14][7, 14][8, 14] 
[4, 1, 3, 11, 10, 9, 7][2, 5, 7, 14, 6, 9, 12][4, 3, 1, 2, 5, 14, 8][3, 1, 2, 5, 7, 9][7, 14][10, 11][1, 4][0, 1][9, 12][9, 13][8, 14][7, 14][7, 14][8, 14][8, 14] 
[0, 1, 3, 11, 10, 12, 13][4, 3, 11, 10, 9, 7][0, 1, 3, 5, 14, 8][1, 2, 5, 14, 6][1, 2, 5, 7][5, 14, 6][8, 14][6, 9][1, 4][8, 14][8, 14][7, 14][8, 14][8, 14][9, 10] 
[1, 2, 5, 7, 9][8, 14][7, 14][9, 10][6, 9][0, 1][9, 12][3, 11][9, 13][1, 4][8, 14][10, 11][7, 14][7, 14][8, 14] 
[10, 12, 13][1, 2, 5][4, 3, 11][5, 14][8, 14][6, 9][1, 4][6, 14][8, 14][8, 14][7, 14][8, 14][8, 14][9, 10][0, 1] 
