[0, 1, 3][2, 5, 7][1, 4][10, 12][10, 11][7, 14][8, 14][1, 2][6, 14][3, 11][6, 9][8, 14][8, 14][12, 13][8, 14] 
[0, 1, 3, 5][6, 9, 10][8, 14][6, 14][7, 9][9, 13][10, 11][12, 13][3, 4][1, 2][5, 7][6, 14][6, 14][8, 14][9, 12] 
[3, 5, 7, 9][6, 9, 10][0, 1, 3][8, 14][6, 14][7, 14][1, 4][9, 12][3, 11][1, 2][12, 13][10, 11][8, 14][8, 14][6, 14] 
[8, 14, 6, 9][1, 2, 5, 7][0, 1, 3, 5][6, 9, 10][9, 13][9, 12][7, 9][5, 7][1, 4][10, 11][6, 14][7, 9][6, 14][6, 14][8, 14] 
[0, 1, 3, 5, 7, 9][6, 9, 10][6, 14, 8][1, 4][10, 11][1, 2][9, 13][12, 13][9, 12][6, 14][6, 14][6, 14][6, 14][6, 14][10, 11] 
[8, 14, 5, 3, 11, 10, 12, 13][0, 1, 3, 5, 7, 9, 13][4, 1, 2, 5, 7, 9][6, 14, 7][1, 2][9, 10][12, 13][8, 14][10, 11][3, 4][10, 11][6, 9][8, 14][1, 3][8, 14] 
[5, 3, 11, 10][0, 1, 3][6, 9][7, 14][1, 2][3, 4][8, 14][9, 13][9, 10][6, 14][6, 14][6, 14][6, 14][12, 13][8, 14] 
[1, 2, 5, 3][8, 14, 6, 9][0, 1, 3, 5][6, 9, 10][8, 14][6, 14][7, 9][9, 13][10, 11][12, 13][3, 4][5, 7][6, 14][8, 14][9, 12] 
[0, 1, 3, 5, 7, 9][6, 14][6, 9][9, 12][9, 10][8, 14][1, 2][9, 13][10, 11][3, 4][8, 14][2, 5][8, 14][6, 14][8, 14] 
[0, 1, 3, 5, 7, 9][6, 9, 10][1, 4][8, 14][10, 11][1, 2][9, 13][12, 13][9, 12][6, 14][6, 14][6, 14][6, 14][6, 14][10, 11] 
[0, 1, 3][6, 9, 10][3, 11][5, 7][3, 4][10, 11][10, 12][6, 14][8, 14][12, 13][1, 2][8, 14][2, 5][6, 14][8, 14] 
[0, 1, 3, 5][8, 14][6, 14][9, 10][7, 9][9, 13][10, 11][12, 13][3, 4][1, 2][5, 7][6, 14][6, 9][8, 14][9, 12] 
[0, 1, 3, 5, 7, 9, 13][4, 1, 2, 5, 7, 9][3, 11, 10, 12, 13][6, 14, 7][1, 2][9, 10][12, 13][8, 14][10, 11][3, 4][10, 11][6, 9][8, 14][1, 3][8, 14] 
[0, 1, 3, 5, 7, 9][6, 14][6, 9][9, 12][9, 10][8, 14][1, 2][9, 13][10, 11][3, 4][8, 14][2, 5][8, 14][6, 14][8, 14] 
[0, 1, 3, 5, 7, 9][6, 9, 10][1, 4][8, 14][10, 11][1, 2][9, 13][12, 13][9, 12][6, 14][6, 14][6, 14][6, 14][6, 14][10, 11] 
[0, 1, 3, 5, 7, 9][6, 14][6, 9][9, 12][9, 10][8, 14][1, 2][9, 13][10, 11][3, 4][8, 14][2, 5][8, 14][6, 14][8, 14] 
