34715.908798972385 15.0 0.5934489402697495 
68538.66792618162 17.0 0.31021194605009633 
69983.62982331848 15.0 0.2459858702633269 
92658.65101771407 16.0 0.07578676942838793 
134414.25190939836 15.0 0.18689788053949905 
191674.4375717826 15.0 0.0 
66527.98753779934 16.0 0.3243416827231856 
72422.9406259185 16.0 0.08542068079640334 
96208.66354546876 15.0 0.22286448298008993 
111401.9797035395 17.0 0.06679511881824021 
44272.365334673705 15.0 0.5844572896596018 
171473.1261443086 16.0 0.02119460500963391 
