[8, 14][7, 14][5, 7][9, 13][1, 3][10, 12][1, 4][6, 9][12, 13][0, 1][1, 2][3, 11][8, 14][3, 5][10, 11] 
[4, 3, 11, 10, 12][5, 7, 9][9, 10][12, 13][1, 4][1, 2][7, 14][8, 14][0, 1][6, 9][8, 14][12, 13][12, 13][8, 14][12, 13] 
[3, 1, 2, 5, 7, 9][9, 10, 11][7, 14][0, 1][8, 14][9, 13][1, 4][9, 12][6, 9][2, 5][7, 14][2, 5][7, 14][7, 14][12, 13] 
[4, 3, 11, 10, 12, 13][4, 3, 11, 10, 12, 13][4, 1, 2, 5, 14][0, 1][7, 14][9, 13][6, 14][8, 14][6, 9][7, 9][9, 13][9, 12][7, 14][5, 7][7, 14] 
[0, 1, 3, 5, 7, 9][4, 3, 11, 10, 12, 13][8, 14, 7, 9, 10, 11][3, 1, 2, 5, 7, 9][6, 9, 12][3, 4][6, 9][7, 14][1, 2][8, 14][7, 14][12, 13][12, 13][7, 14][7, 14] 
[3, 1, 2, 5, 7, 9][3, 4][3, 11][6, 9][7, 14][10, 11][8, 14][0, 1][10, 12][7, 14][7, 14][8, 14][12, 13][10, 11][7, 14] 
[3, 1, 2, 5, 7, 9][11, 10, 12][8, 14][7, 14][0, 1][9, 13][1, 4][6, 9][7, 14][7, 14][9, 10][3, 4][7, 14][12, 13][7, 14] 
[4, 3, 1, 2, 5, 14][6, 9][7, 9][5, 7][8, 14][9, 10][9, 13][10, 12][10, 11][0, 1][9, 13][12, 13][8, 14][12, 13][8, 14] 
[4, 3, 1, 2, 5, 14][3, 1, 2, 5, 7, 9][5, 14, 8][7, 14][0, 1][9, 10][9, 12][6, 9][9, 13][10, 11][9, 12][12, 13][2, 5][8, 14][9, 13] 
[0, 1, 3, 5][3, 11, 10][12, 13][6, 9][10, 12][1, 2][7, 14][3, 4][8, 14][12, 13][7, 9][12, 13][12, 13][12, 13][9, 10] 
