[6, 9, 13][10, 12][10, 11][12, 13][6, 14][5, 7][8, 14][3, 5][2, 5][1, 2][0, 1][3, 4][3, 11][6, 14][8, 14] 
[6, 9, 13][3, 11, 10][1, 2, 5][6, 14][8, 14][9, 10][3, 5][12, 13][1, 4][7, 9][0, 1][6, 14][5, 7][6, 14][0, 1] 
[0, 1, 3, 11, 10, 9, 13][1, 2, 5, 7, 9, 12][1, 4][6, 9][6, 14][8, 14][8, 14][12, 13][8, 14][10, 12][8, 14][12, 13][5, 7][12, 13][12, 13] 
[4, 3, 1, 2, 5, 14, 8][11, 10, 12][6, 9, 10][6, 9, 13][1, 3][3, 11][0, 1][12, 13][7, 9][3, 11][5, 7][6, 14][9, 13][3, 11][9, 12] 
[4, 3, 1, 2, 5, 14, 8][1, 2, 5, 7, 9, 12][11, 10, 12][6, 9, 13][12, 13][6, 9][0, 1][10, 12][0, 1][8, 14][3, 11][12, 13][12, 13][8, 14][6, 14] 
[4, 3, 1, 2, 5, 14, 8][0, 1, 3, 11, 10, 9, 13][1, 2, 5, 7, 9, 12][3, 5, 7, 9][12, 13][9, 13][10, 12][6, 9][6, 14][12, 13][8, 14][12, 13][12, 13][6, 14][1, 4] 
[2, 5, 7, 9][6, 14][8, 14][6, 9][1, 4][9, 10][3, 4][9, 13][10, 11][0, 1][12, 13][8, 14][12, 13][8, 14][3, 5] 
[1, 2, 5, 7, 9][6, 14][6, 9][10, 12][8, 14][10, 11][0, 1][1, 4][9, 13][3, 11][8, 14][8, 14][9, 10][3, 11][3, 11] 
[1, 2, 5, 7, 9, 12][8, 14][6, 14][6, 9][9, 10][10, 11][3, 11][1, 4][0, 1][9, 13][3, 11][6, 14][3, 11][6, 14][3, 11] 
[1, 2, 5, 7, 9, 12][3, 5][9, 13][1, 4][10, 11][0, 1][6, 14][8, 14][8, 14][6, 14][1, 4][9, 10][6, 9][6, 14][10, 11] 
