35245.98921028309 15.0 0.6339124509720143 
56267.71764772087 16.0 0.3102123591424983 
78099.02183302725 15.0 0.3333750835830097 
80257.52431043044 16.0 0.17023078481970388 
112481.83175204608 18.0 0.015416156277198554 
109166.7034658501 15.0 0.19527235354574574 
127781.71967701807 16.0 7.991619660393355E-53 
200683.52793020674 15.0 1.4063381296424282E-18 
69155.13899135898 16.0 0.2466598213947899 
71822.14961095343 17.0 0.1406731757451182 
86110.14863654476 16.0 0.06359198385296472 
109850.42715980377 16.0 0.05524259370377045 
112481.83175204608 18.0 0.015416156277198554 
35245.98921523323 15.0 0.6339113680154143 
918100.7413286519 15.0 1.8064715859247633E-22 
69155.17942514375 16.0 0.24665981500595952 
