39787.77452128941 15.0 0.6924402680844705 
53190.041674706765 16.0 0.46186353108359696 
62706.3038296618 17.0 0.2171120246659815 
81887.63135071335 15.0 0.271078837347035 
81556.73645466877 16.0 0.14516957862281601 
123628.54862558974 17.0 0.011562187454599835 
118033.70036840455 15.0 0.10856071542435745 
173744.34497480644 16.0 0.0038814530539069986 
252808.74486873497 15.0 0.0 
68189.63876957724 16.0 0.1978434609369709 
82276.46039933623 17.0 0.11626413155190143 
109153.44709846652 16.0 0.07451305677175847 
41071.49340370851 15.0 0.6075894858019447 
251903.83158188808 15.0 0.003236717207570581 
151368.9495060193 16.0 0.02829907650317209 
88549.29192337296 15.0 0.19911477979645784 
