35035.931377940804 15.0 0.6544637227054951 
60393.6394484342 16.0 0.309572077902324 
62344.31934369767 17.0 0.21131534260338708 
67279.3585256748 15.0 0.2376609861405268 
77810.5294421883 16.0 0.15157444647094973 
109484.35044366025 17.0 0.029558104136014063 
96530.47771328225 15.0 0.08994216736833831 
139343.18368387484 16.0 0.007065776343491348 
231286.17566572272 15.0 0.0 
66139.5957541519 16.0 0.19077710400115117 
80791.74150418202 17.0 0.10984069886947584 
97992.80688673005 16.0 0.08221993800637692 
35265.9474806581 15.0 0.6423065558407821 
79418.75799578083 17.0 0.1278240000897713 
105437.62476816055 16.0 0.05652133930245245 
147787.21300504234 15.0 0.018626469592336995 
