34825.892832398225 15.0 0.6069364161849711 
49719.69522544162 16.0 0.45285200411099696 
68895.57654725369 15.0 0.21325796505652614 
90765.46577285872 16.0 0.06808740203177524 
91746.04185737915 15.0 0.06874929404883946 
183073.0242309057 16.0 6.422607578676942E-4 
214993.7617688935 15.0 1.172147006508684E-227 
62471.56325221017 16.0 0.3160328838842446 
74587.40938534916 16.0 0.12909870283957 
83813.57929326946 15.0 0.17729136261593534 
114912.40824327998 16.0 0.04881808838643372 
36120.93139278515 15.0 0.5710477760329075 
90765.37119154472 16.0 0.06808838630726163 
183063.44146632284 16.0 6.423432576439137E-4 
201940.7415465191 15.0 6.422607578676942E-4 
68854.21055770041 17.0 0.27173447039230714 
