36985.9538950158 15.0 0.6436216847957172 
58972.10644857973 16.0 0.32052929085271875 
65273.44345767435 15.0 0.18242680683127807 
124459.55261207571 18.0 0.01926906023328812 
97983.93838253374 15.0 0.09893290830847781 
144978.46473315023 16.0 0.003854059545863482 
234267.25050500128 15.0 4.0644737720065795E-172 
65245.626327389866 16.0 0.17279033915724562 
76400.06331688177 17.0 0.12204522096608428 
94831.25207721094 16.0 0.06680369989722508 
55506.25263538074 15.0 0.3442751993329263 
234931.2021237646 15.0 5.220904010284624E-176 
190970.5150040789 17.0 8.6144682502245E-184 
65273.44346262058 15.0 0.18242548835026734 
129480.74098508891 17.0 0.03018675068202259 
103073.78045696057 15.0 0.09892086485655857 
