39635.86073337861 15.0 0.5466013646561321 
55566.79290030448 16.0 0.4220341227324421 
57004.77777164796 17.0 0.30125181615235197 
69819.50361482371 15.0 0.25244090565918775 
80384.59337969369 16.0 0.05524473850751429 
106597.05279993449 15.0 0.13424198738411755 
180724.9924610322 16.0 0.0 
176814.33389409128 15.0 3.6243414930901506E-204 
64879.92294561103 16.0 0.2453887460602903 
74363.07919098064 16.0 0.10341429534759136 
91898.39314897679 15.0 0.21390525894741927 
95032.50288459644 16.0 0.05202955722869351 
129671.78701407566 16.0 0.022486222830893705 
57004.77777164796 17.0 0.30125181615235197 
188139.40235508277 15.0 4.655544628246822E-208 
59716.89701304975 15.0 0.5035496778403833 
