[2, 5][9, 13][6, 14][12, 13][1, 2][3, 5][8, 14][6, 9][9, 10][5, 7][3, 11][5, 14][3, 11][0, 1][3, 4] 
[3, 11, 10, 12][4, 3, 5][2, 5][9, 13][6, 14][12, 13][1, 2][6, 14][8, 14][6, 9][9, 10][5, 7][5, 14][3, 11][0, 1] 
[5, 3, 11, 10][9, 7, 14][7, 14][9, 13][6, 14][12, 13][1, 2][8, 14][6, 9][9, 10][2, 5][3, 11][3, 11][0, 1][3, 4] 
[5, 3, 11, 10][9, 7, 14][9, 6, 14][7, 5, 14][9, 13][12, 13][1, 2][8, 14][6, 9][9, 10][2, 5][3, 11][3, 11][0, 1][3, 4] 
[4, 1, 3, 5, 14, 6, 9][1, 2, 5, 7, 9][5, 14][9, 13][6, 14][12, 13][6, 14][8, 14][9, 10][10, 11][3, 11][5, 14][3, 11][0, 1][3, 4] 
[7, 5, 3, 11, 10, 9][7, 9, 6, 14][2, 5, 7, 9][0, 1, 4][7, 14][9, 13][12, 13][1, 2][6, 14][8, 14][6, 9][3, 11][5, 14][3, 11][3, 4] 
[2, 5, 7, 9, 13, 12, 10, 11][0, 1, 2, 5, 7, 9, 12][13, 9, 6, 14][2, 5, 14][5, 14, 6][5, 14, 8][4, 3, 5][6, 14][12, 13][6, 9][9, 10][3, 11][5, 14][3, 11][0, 1] 
[0, 1, 2, 5, 7, 9, 12, 13][2, 5, 7, 9, 13, 12, 10, 11][0, 1, 4, 3, 5][3, 5, 14, 6][2, 5, 14][5, 14, 8][4, 3, 5][9, 13][6, 14][12, 13][6, 9][9, 10][3, 11][5, 14][3, 11] 
[5, 3, 11, 10][9, 7, 5, 14][7, 14][9, 13][6, 14][12, 13][1, 2][8, 14][6, 9][9, 10][2, 5][3, 11][3, 11][0, 1][3, 4] 
[1, 2, 5, 7, 9][3, 5, 14, 6, 9][5, 14][9, 13][6, 14][12, 13][6, 14][8, 14][9, 10][10, 11][3, 11][5, 14][3, 11][0, 1][3, 4] 
[5, 3, 11, 10][2, 5, 14, 6][9, 7, 14][9, 6, 14][7, 5, 14][9, 13][12, 13][1, 2][8, 14][6, 9][9, 10][3, 11][3, 11][0, 1][3, 4] 
[1, 4, 3, 5, 7, 14, 6, 9][1, 2, 5, 7, 9][5, 14, 6][5, 14][9, 13][6, 14][12, 13][8, 14][9, 10][10, 11][3, 11][5, 14][3, 11][0, 1][3, 4] 
[7, 5, 3, 11, 10, 12, 13][4, 1, 3, 5, 14, 6, 9][1, 2, 5, 7, 9][5, 14][9, 13][6, 14][6, 14][8, 14][9, 10][10, 11][3, 11][5, 14][3, 11][0, 1][3, 4] 
[5, 3, 11, 10][9, 7, 14][7, 14][9, 13][6, 14][12, 13][1, 2][8, 14][6, 9][9, 10][2, 5][3, 11][3, 11][0, 1][3, 4] 
[0, 1, 2, 5, 7, 9, 12, 13][2, 5, 7, 9, 13, 12, 10, 11][0, 1, 4, 3, 5][1, 2, 5, 3, 4][3, 5, 14, 6][2, 5, 14][5, 14, 8][9, 13][6, 14][12, 13][6, 9][9, 10][3, 11][5, 14][3, 11] 
[9, 10, 11][7, 14][9, 13][6, 14][12, 13][1, 2][6, 14][8, 14][6, 9][2, 5][3, 11][5, 14][3, 11][0, 1][3, 4] 
