[1, 2][12, 13][3, 11][5, 7][7, 14][10, 12][6, 9][0, 1][10, 11][9, 13][1, 3][8, 14][7, 14][3, 5][1, 4] 
[9, 10, 11][1, 2][12, 13][3, 11][6, 14][7, 14][10, 12][6, 9][0, 1][9, 13][1, 3][8, 14][5, 7][3, 5][1, 4] 
[8, 14, 6, 9, 12][7, 9, 10][1, 2, 5][3, 4][12, 13][3, 11][5, 7][7, 14][7, 14][0, 1][10, 11][9, 13][1, 3][3, 5][1, 4] 
[2, 1, 3, 5, 7, 9][9, 10, 11][2, 5, 14][1, 2][12, 13][3, 11][6, 14][7, 14][10, 12][6, 9][0, 1][9, 13][8, 14][3, 5][1, 4] 
[8, 14, 6, 9, 12, 13][0, 1, 3, 5, 14][7, 9, 10][1, 2, 5][3, 4][12, 13][3, 11][5, 7][7, 14][7, 14][10, 11][9, 13][1, 3][3, 5][1, 4] 
[1, 2, 5, 7, 9, 6, 14, 8][3, 1, 2, 5, 14, 6, 9, 13][0, 1, 3, 11, 10][7, 9, 10, 11][1, 2][12, 13][3, 11][7, 14][10, 12][6, 9][1, 3][8, 14][7, 14][3, 5][1, 4] 
[1, 2, 5, 7, 9, 6, 14, 8][3, 1, 2, 5, 14, 6, 9, 13][1, 2, 5, 7, 9, 10, 11][0, 1, 3, 11, 10][1, 4, 3, 11, 10][1, 2][12, 13][3, 11][7, 14][10, 12][6, 9][1, 3][8, 14][7, 14][3, 5] 
[3, 5, 7, 9][2, 5, 14][1, 2][12, 13][3, 11][6, 14][7, 14][10, 12][6, 9][0, 1][10, 11][9, 13][8, 14][3, 5][1, 4] 
[0, 1, 2, 5, 14][7, 9, 10, 11][1, 2][12, 13][3, 11][6, 14][7, 14][10, 12][6, 9][9, 13][1, 3][8, 14][5, 7][3, 5][1, 4] 
[8, 14, 6, 9, 12][3, 11, 10][7, 9, 10][1, 2, 5][3, 4][12, 13][5, 7][7, 14][7, 14][0, 1][10, 11][9, 13][1, 3][3, 5][1, 4] 
[2, 1, 3, 5, 7, 9][13, 9, 7, 14][9, 10, 11][2, 5, 14][1, 2][12, 13][3, 11][6, 14][7, 14][10, 12][6, 9][0, 1][8, 14][3, 5][1, 4] 
[2, 5, 3][1, 2][12, 13][3, 11][5, 7][7, 14][10, 12][6, 9][0, 1][10, 11][9, 13][1, 3][8, 14][7, 14][1, 4] 
[2, 1, 3, 5, 7, 9][9, 10, 11][2, 5, 14][1, 2][12, 13][3, 11][6, 14][7, 14][10, 12][6, 9][0, 1][9, 13][8, 14][3, 5][1, 4] 
[1, 2, 5, 7, 9, 6, 14, 8][3, 1, 2, 5, 14, 6, 9, 13][0, 1, 3, 11, 10][7, 9, 10, 11][1, 2][12, 13][3, 11][7, 14][10, 12][6, 9][1, 3][8, 14][7, 14][3, 5][1, 4] 
[1, 2, 5, 7, 9, 6, 14, 8][3, 1, 2, 5, 14, 6, 9, 13][1, 2, 5, 7, 9, 10, 11][0, 1, 3, 11, 10][1, 4, 3, 11][1, 2][12, 13][3, 11][7, 14][10, 12][6, 9][1, 3][8, 14][7, 14][3, 5] 
[4, 3, 5, 14, 6][9, 10, 11][1, 2][12, 13][3, 11][7, 14][10, 12][6, 9][0, 1][9, 13][1, 3][8, 14][5, 7][3, 5][1, 4] 
