[3, 4][1, 2][1, 4][5, 7][12, 13][3, 11][8, 14][10, 12][2, 5][6, 14][9, 13][10, 11][6, 14][7, 14][0, 1] 
[5, 7, 9][6, 9][8, 14][10, 11][2, 5][9, 13][3, 11][9, 12][12, 13][1, 2][9, 10][1, 4][0, 1][12, 13][5, 14] 
[2, 5, 7, 14, 6][5, 3, 11][6, 9][8, 14][10, 11][1, 2][9, 13][9, 12][12, 13][1, 3][9, 10][1, 4][0, 1][12, 13][5, 14] 
[9, 13, 12, 10][11, 3, 5, 14][2, 5, 14, 6][7, 9, 10][6, 9][8, 14][10, 11][1, 2][9, 12][12, 13][1, 3][1, 4][0, 1][12, 13][5, 14] 
[4, 3, 1, 2, 5][5, 7, 9][6, 9][8, 14][10, 11][2, 5][9, 13][10, 12][9, 12][12, 13][9, 10][1, 4][0, 1][12, 13][5, 14] 
[1, 4, 3, 11, 10, 9, 13, 12][1, 2, 5, 7, 9][6, 14, 8][10, 12][12, 13][12, 13][10, 12][3, 4][6, 9][1, 3][6, 14][1, 4][0, 1][6, 14][10, 11] 
[2, 1, 4, 3, 5, 14, 6][2, 5, 7, 14, 6][11, 3, 5, 14][7, 9, 10][6, 9][8, 14][10, 11][9, 13][9, 12][12, 13][1, 3][1, 4][0, 1][12, 13][5, 14] 
[3, 1, 2, 5, 7, 14, 6, 9][1, 2, 5, 3, 11, 10, 12][4, 3, 1, 2, 5, 14][5, 7, 9][8, 14][10, 11][2, 5][9, 13][9, 12][12, 13][9, 10][1, 4][0, 1][12, 13][5, 14] 
[6, 14, 7, 9, 13, 12, 10, 11][1, 2, 5, 14, 6, 9, 12][4, 1, 2, 5, 7, 9, 13][0, 1, 3, 5, 14, 8][1, 2, 5, 7, 9][10, 12][12, 13][9, 10][12, 13][10, 12][1, 4][1, 3][6, 14][8, 14][10, 11] 
[2, 5, 7, 14, 6][9, 13, 12, 10][11, 3, 5, 14][7, 9, 10][6, 9][8, 14][10, 11][1, 2][9, 12][12, 13][1, 3][1, 4][0, 1][12, 13][5, 14] 
[1, 2, 5, 7, 9][6, 14, 8][10, 12][12, 13][9, 10][12, 13][10, 12][3, 4][6, 9][1, 3][6, 14][1, 4][0, 1][6, 14][10, 11] 
[1, 2, 5, 7, 9, 12][6, 9][8, 14][10, 11][1, 2][9, 13][3, 11][12, 13][1, 3][9, 10][6, 9][1, 4][0, 1][12, 13][5, 14] 
[1, 3][1, 2][1, 4][5, 7][12, 13][3, 11][8, 14][10, 12][2, 5][6, 14][9, 13][10, 11][6, 14][7, 14][0, 1] 
[1, 2, 5, 7, 9][10, 12][12, 13][9, 10][12, 13][10, 12][3, 4][6, 9][1, 3][6, 14][8, 14][1, 4][0, 1][6, 14][10, 11] 
[3, 1, 2, 5, 14, 6, 9][8, 14][10, 11][2, 5][9, 13][10, 12][9, 12][12, 13][1, 4][9, 10][5, 7][1, 4][0, 1][12, 13][5, 14] 
[3, 1, 2, 5, 14, 6, 9][1, 2, 5, 3, 11, 10, 12][4, 1, 2, 5, 14][5, 7, 9][8, 14][10, 11][2, 5][9, 13][9, 12][12, 13][9, 10][1, 4][0, 1][12, 13][5, 14] 
