37841.117533718694 15.0 0.651252408477842 
57787.68868915077 16.0 0.20041110059201875 
65279.21295974653 15.0 0.26140012845215155 
100769.98615516069 16.0 0.02697841726618705 
153988.1674160043 15.0 0.20680796403339757 
170814.99358597517 16.0 0.0 
190329.08323163842 15.0 0.0 
51651.401230074225 16.0 0.31085420680796405 
71019.0223983632 16.0 0.11946050096339114 
92375.07609762852 15.0 0.23956326268464997 
135033.76875440893 16.0 0.026332691072575465 
38005.892742453434 15.0 0.6095054592164418 
57787.68865942244 16.0 0.2004181088658797 
65279.199977635595 15.0 0.26143370586107284 
152590.1178823605 16.0 0.01991008349389852 
78609.21301277979 16.0 0.08477899893598899 
