34055.82530507386 15.0 0.6088631984585742 
70297.91881322411 15.0 0.23317060680603927 
77133.56423572991 16.0 0.14065510597302505 
103235.88768590336 17.0 0.05009633911368015 
122094.9248852674 15.0 0.12975375273679837 
132043.77633051813 16.0 0.00449582530507386 
229026.61438835156 15.0 3.881770848879035E-17 
59816.713618830305 16.0 0.22350674373795762 
69144.06093400864 17.0 0.10404624277456648 
96862.26775371174 16.0 0.06165703275529865 
63505.05480362144 15.0 0.2594733461785485 
225111.96724002936 16.0 1.3364963747535835E-5 
317374.09092156164 15.0 4.986218174539544E-21 
75010.56073513662 16.0 0.2119460500963391 
276057.61773941974 16.0 4.986218174539544E-21 
507616.4288368463 15.0 0.0 
