39032.665447717685 15.0 0.6518946692357097 
52230.9131540282 16.0 0.37122671804752727 
68741.41287053193 15.0 0.26013475117639495 
72586.46673129332 16.0 0.15093127809890816 
105174.77162404383 15.0 0.1490379082346739 
141065.6778938214 16.0 6.847481426206631E-6 
206029.93225241412 15.0 0.0 
61397.511428463484 16.0 0.2138728323699422 
73482.19875920072 17.0 0.12203003899351922 
82364.5802336779 16.0 0.08863198458574181 
41510.30164108697 15.0 0.5228002569043031 
68741.41287053193 15.0 0.26013475117639495 
126138.12449954652 16.0 0.04303147077713552 
63928.54182976003 16.0 0.19845857418111754 
73250.04218572343 17.0 0.14258188824662812 
104650.91076392154 16.0 0.05330764290301863 
