34605.892742453434 15.0 0.6056518946692357 
75903.60762006999 15.0 0.24600509549826902 
95368.59492832974 16.0 0.0468910578080057 
114224.95435291027 15.0 0.14966845402431847 
201942.97744344926 16.0 0.0 
240784.96514933585 15.0 0.0 
65094.04705204378 16.0 0.2941602951850177 
80703.26002806486 16.0 0.11175337186897881 
36195.90237636481 15.0 0.6037251123956326 
71500.5274794224 15.0 0.37508028259473347 
124386.62002021287 16.0 0.03789801536251965 
234251.97321550993 15.0 0.010276172125883108 
68258.90738665638 16.0 0.26718047527296085 
87243.83931167443 16.0 0.1014771997430957 
44761.48683365446 15.0 0.49903660886319845 
60188.51076668692 16.0 0.37829158638407195 
