35835.65189466924 15.0 0.680796403339756 
47124.61762044732 16.0 0.40976236351958895 
69605.57575678115 15.0 0.2703917790622993 
79857.33473101331 16.0 0.17341040462427745 
116062.79516336051 17.0 0.043679342240493316 
117256.73721243102 15.0 0.13681911613566292 
150652.89458575833 16.0 0.023763648041104687 
243849.67298720506 15.0 0.0 
65904.11378408612 16.0 0.19527548745589537 
77438.71302360288 17.0 0.1245985870263327 
109304.42286712203 15.0 0.24923190645845372 
93788.89916169846 16.0 0.06359198250674745 
43076.11753371869 15.0 0.596660244059088 
117256.73721243102 15.0 0.13681911613566292 
150607.6416181835 16.0 0.047527296082209375 
57897.37716763006 16.0 0.3159922928709056 
