[10, 11][10, 12][3, 11][5, 7][5, 14][12, 13][8, 14][1, 3][6, 14][1, 4][1, 2][0, 1][6, 9][3, 5][8, 14] 
[3, 5, 7][10, 11][3, 11][1, 3][7, 9][0, 1][6, 9][9, 13][6, 14][12, 13][1, 2][8, 14][1, 4][6, 14][8, 14] 
[3, 11, 10][1, 2, 5][0, 1][3, 4][7, 9][10, 12][9, 13][6, 9][6, 14][8, 14][5, 14][5, 14][5, 7][9, 10][9, 10] 
[4, 3, 5, 7, 9, 10, 12, 13][5, 14][8, 14][10, 11][1, 4][2, 5][0, 1][6, 9][8, 14][8, 14][5, 14][5, 14][3, 5][5, 14][8, 14] 
[4, 3, 5, 7, 9, 10, 12][0, 1, 2, 5, 14, 8][0, 1][1, 2][10, 11][5, 14][9, 13][6, 9][8, 14][5, 14][8, 14][5, 14][10, 11][2, 5][5, 14] 
[1, 2, 5, 3, 4][11, 10, 9, 6, 14][5, 14, 8][10, 12, 13][7, 9, 10][5, 14][3, 5][3, 11][10, 11][0, 1][1, 2][12, 13][1, 3][10, 11][5, 7] 
[1, 2, 5, 14, 6, 9, 13, 12][1, 3, 5, 7, 9][3, 11, 10, 9][10, 12][10, 11][9, 10][12, 13][1, 4][6, 9][5, 14][0, 1][8, 14][10, 11][8, 14][8, 14] 
[0, 1, 3, 11, 10, 9, 13, 12][10, 11, 3, 5, 7, 9, 13][4, 3, 5, 7, 9, 10, 12][2, 5, 14, 6, 9, 7][0, 1, 2, 5, 3, 4][2, 5, 14, 8][8, 14][1, 2][3, 4][5, 14][10, 11][5, 14][3, 11][3, 5][0, 1] 
[3, 5, 7, 9, 10][5, 14, 8][10, 11][10, 12][6, 9][9, 13][1, 3][5, 14][8, 14][1, 2][1, 4][0, 1][3, 11][8, 14][5, 14] 
[1, 3, 5, 7, 9][6, 9][9, 10][3, 4][10, 12][10, 11][1, 2][6, 14][8, 14][0, 1][9, 13][5, 7][8, 14][3, 5][8, 14] 
[13, 12, 9, 6, 14][1, 2, 5, 3, 4][9, 10][9, 13][5, 7][2, 5][6, 14][3, 11][8, 14][0, 1][2, 5][9, 12][5, 14][7, 9][8, 14] 
[4, 1, 3, 5, 7, 9, 10, 12][0, 1][1, 2][10, 11][5, 14][9, 13][6, 9][8, 14][5, 14][8, 14][5, 14][8, 14][10, 11][2, 5][5, 14] 
[5, 14][1, 2][1, 4][0, 1][3, 5][10, 11][8, 14][6, 14][10, 12][5, 7][12, 13][7, 9][12, 13][3, 4][3, 11] 
[1, 2, 5, 3, 4][11, 10, 9, 6, 14][5, 14, 8][10, 12, 13][7, 9, 10][5, 14][3, 5][3, 11][10, 11][0, 1][1, 2][12, 13][1, 3][10, 11][5, 7] 
[3, 5, 7, 9, 10, 12, 13][0, 1, 2, 5, 14, 8][6, 9][3, 4][10, 11][3, 4][5, 14][3, 4][5, 14][2, 5][1, 4][5, 14][10, 11][3, 5][10, 11] 
[5, 7, 9, 10][10, 11][8, 14][6, 9][1, 3][2, 5][0, 1][3, 4][12, 13][5, 14][1, 2][8, 14][12, 13][8, 14][10, 12] 
