[3, 11][10, 12][9, 13][6, 14][8, 14][5, 7][1, 2][8, 14][2, 5][12, 13][0, 1][3, 4][5, 14][3, 5][10, 11] 
[1, 2, 5, 7, 9][0, 1][9, 13][6, 9][6, 14][3, 4][8, 14][10, 11][12, 13][3, 11][9, 10][8, 14][6, 14][8, 14][6, 14] 
[0, 1, 4, 3, 5][2, 5][9, 10][10, 11][6, 14][9, 13][8, 14][5, 7][9, 13][7, 9][3, 4][5, 14][6, 9][10, 12][8, 14] 
[0, 1, 2, 5, 14, 6, 9, 12][9, 13][7, 9][8, 14][9, 10][10, 11][3, 5][1, 4][5, 14][2, 5][5, 14][8, 14][3, 4][6, 14][10, 11] 
[8, 14, 5, 3, 11, 10][0, 1, 4, 3, 5][2, 5, 14, 6][9, 13, 12][2, 5][3, 5][6, 14][7, 9][6, 9][6, 14][6, 14][1, 2][6, 14][6, 9][9, 10] 
[4, 3, 11, 10, 12, 13, 9][8, 14, 5, 3, 11, 10, 9][0, 1, 3, 5, 7, 9][1, 2, 5, 7, 9, 10][2, 5, 14, 6][9, 10, 11][0, 1, 4][12, 13][8, 14][1, 4][7, 14][8, 14][6, 9][7, 14][6, 14] 
[3, 1, 2, 5, 7, 9, 10][8, 14][6, 14][6, 9][10, 11][3, 4][9, 13][12, 13][0, 1][8, 14][6, 14][8, 14][8, 14][8, 14][8, 14] 
[0, 1, 2, 5, 14, 6, 9, 12][3, 5, 7, 14, 8][9, 13][7, 9][8, 14][9, 10][10, 11][1, 4][5, 14][2, 5][5, 14][8, 14][3, 4][6, 14][10, 11] 
[3, 1, 2, 5, 7, 9, 10][8, 14][6, 14][6, 9][10, 11][3, 4][9, 13][12, 13][0, 1][8, 14][6, 14][8, 14][8, 14][8, 14][8, 14] 
[3, 5, 7][0, 1][1, 4][1, 2][3, 4][3, 11][5, 14][6, 14][8, 14][6, 9][10, 11][9, 13][12, 13][8, 14][3, 11] 
