40755.94103288798 15.0 0.5492034943462534 
76431.22750091406 15.0 0.21903781483311976 
99930.02392856748 16.0 0.03982528229186673 
102209.62757631022 15.0 0.09763617677286743 
235972.2008647268 16.0 0.0 
216240.16187204956 15.0 1.4555530289442802E-231 
66690.54165158939 16.0 0.272354861555383 
89507.15327845325 16.0 0.09249594544017971 
123548.12363508013 16.0 0.01926939043332324 
44216.02129072959 15.0 0.5311496467565832 
76431.22750091406 15.0 0.21903781483311976 
100335.8429913723 16.0 0.03982264218245772 
195486.32317663822 16.0 0.0038535645472061657 
216463.4133579721 15.0 1.8696891829727427E-235 
66690.5416565371 16.0 0.2723535459038607 
90878.90056942427 16.0 0.09249148987993751 
