38465.600590955815 15.0 0.635919835558785 
66498.12011127241 16.0 0.230579535857687 
85327.59295352988 15.0 0.27749229188074026 
107222.48449318009 16.0 0.059097560927311 
126858.22044890853 15.0 0.1631551901336074 
205358.7417633816 16.0 0.0 
219840.11831018698 15.0 0.0 
59365.688552209984 16.0 0.2665724563202725 
77336.64806210801 16.0 0.11626413155190134 
42650.87679856115 15.0 0.5035971223021581 
66556.11826121355 16.0 0.2305792032833561 
70826.5559318504 15.0 0.41492140721774357 
107322.4499139048 16.0 0.05909558093268173 
194683.4248887065 16.0 0.00899165061014772 
59365.688552216656 16.0 0.2665724538405771 
77336.64806210801 16.0 0.11626413155190134 
