44408.02667981767 15.0 0.6345561967365452 
57392.511583267195 17.0 0.45664739884393063 
82132.76536417769 15.0 0.2852004110996917 
96983.53468570822 16.0 0.16829393627954778 
173766.16906911053 15.0 0.20490750256937307 
122506.71229285932 16.0 0.04817458995174593 
251437.74822782815 15.0 1.2475706910690969E-254 
65942.81329567153 16.0 0.32502049841658015 
79396.66022647491 17.0 0.28458017307628053 
96986.6599495235 18.0 0.13809109605322312 
97004.0796480951 16.0 0.07964924509607837 
119278.89952757512 16.0 0.07322391452664762 
48122.792581250054 15.0 0.5774018270924247 
57772.19017362915 16.0 0.49583149320359043 
119278.89952757512 16.0 0.07322391452664762 
252207.34403469868 15.0 1.6025313950791225E-258 
