46416.008402196494 15.0 0.4804553549563322 
60121.71867020336 16.0 0.2832519285975018 
76694.82614218185 15.0 0.1920606372045221 
91249.2070126677 16.0 0.13166345536287732 
129531.37959342983 16.0 0.006423432682425488 
187269.47871329865 15.0 1.3527730043188611E-254 
69010.69114120404 16.0 0.2774566473988439 
67810.02149962101 17.0 0.2415049793361017 
81202.97209013932 17.0 0.11626413155190134 
104135.45863864101 16.0 0.09699053589826898 
46416.00853587056 15.0 0.480447431204701 
187274.67250644646 15.0 1.7376660299535788E-258 
73909.33201056061 16.0 0.24791265253692998 
67810.0214645586 17.0 0.24152106679246452 
81202.97209013932 17.0 0.11626413155190134 
104135.45863864101 16.0 0.09699053589826898 
