40895.0433334651 15.0 0.6076567317564273 
81419.37968843454 15.0 0.2138881792995848 
90221.35553331187 16.0 0.1573538856775851 
104998.68936234101 15.0 0.11947097978099763 
124818.24278635628 16.0 0.07837115876426218 
219142.81711012663 15.0 2.506492108382311E-110 
63831.968611350705 16.0 0.40465464127459383 
75311.55066719845 16.0 0.23638232271295576 
86085.20167756526 17.0 0.12461319847340639 
117552.06174554402 16.0 0.09378211716341213 
104714.37285531328 15.0 0.1194758472677946 
86085.14685187623 17.0 0.12461459385979107 
63831.96855030087 16.0 0.40467625621596337 
79964.65876633365 15.0 0.36096061218746356 
219410.87346188547 15.0 3.219643042238036E-114 
40895.0433334651 15.0 0.6076567317564273 
