42813.53409773451 15.0 0.5659030168243081 
58719.590966289594 16.0 0.3005821596708919 
85520.7982562402 15.0 0.2556526207604133 
83227.19994142317 16.0 0.14260020554957628 
115730.75843200878 15.0 0.09570914696813977 
122576.52849719083 16.0 0.028263103802672145 
213694.1158434144 15.0 3.3694991535631505E-21 
81698.93228802335 16.0 0.23121956604831115 
84927.38616857688 17.0 0.0989117871681185 
96913.6018020385 16.0 0.07386403016315271 
86060.54027516527 15.0 0.2492094680985187 
83227.19994142317 16.0 0.14260020554957628 
115730.75843200878 15.0 0.09570914696813977 
182488.72234204362 16.0 3.2080254092990365E-56 
246091.31963283065 15.0 4.1207776612704386E-60 
84927.38616857688 17.0 0.0989117871681185 
