[3, 11, 10, 12][5, 14][3, 5][6, 14][2, 5][0, 1][1, 2][3, 4][9, 13][5, 7][12, 13][8, 14][10, 11][10, 11][10, 11] 
[3, 5, 14, 6][8, 14][10, 11][8, 14][3, 11][10, 12][2, 5][1, 3][5, 14][9, 13][0, 1][7, 9][3, 4][6, 9][10, 11] 
[4, 1, 2, 5, 7, 14][3, 5, 14, 6][6, 9, 13][8, 14][10, 11][8, 14][3, 11][10, 12][1, 3][5, 14][0, 1][7, 9][3, 4][6, 9][10, 11] 
[3, 1, 2, 5, 14, 6, 9][2, 1, 4, 3][5, 14][7, 14][6, 14][0, 1][3, 4][9, 13][5, 7][12, 13][8, 14][10, 11][10, 11][3, 11][10, 11] 
[5, 7, 14, 6, 9, 13, 12, 10][8, 14, 7, 9, 10, 12, 13][5, 14, 6, 9, 12, 10, 11][10, 11, 3, 5, 7, 14][5, 14][6, 14][1, 3][0, 1][1, 2][3, 4][12, 13][8, 14][10, 11][3, 11][10, 11] 
[1, 4, 3, 5, 7, 9, 12][8, 14, 6, 9][5, 14][3, 5][6, 14][1, 3][0, 1][1, 2][3, 4][7, 9][12, 13][10, 11][10, 12][3, 11][10, 11] 
[0, 1, 2, 5, 7, 9, 13, 12][5, 3, 11, 10, 9, 13][1, 3, 5, 7, 9, 10][1, 3, 11, 10, 9, 6][8, 14, 6, 9, 12][3, 5, 14, 6, 9][4, 1, 2, 5, 14][0, 1, 4][10, 11][8, 14][3, 11][10, 12][1, 3][3, 4][10, 11] 
[1, 2, 5, 7, 14][3, 5, 14, 6][8, 14][10, 11][8, 14][3, 11][10, 12][1, 3][5, 14][9, 13][0, 1][7, 9][3, 4][6, 9][10, 11] 
[4, 3, 1, 2, 5, 7, 14][3, 5, 14, 6][8, 14][10, 11][8, 14][3, 11][10, 12][1, 3][5, 14][9, 13][0, 1][7, 9][3, 4][6, 9][10, 11] 
[1, 4, 3, 5, 7][8, 14, 6, 9, 10][5, 14][3, 5][6, 14][1, 3][0, 1][1, 2][3, 4][7, 9][12, 13][10, 11][10, 12][3, 11][10, 11] 
[3, 1, 2, 5, 14, 6, 9][3, 11, 10, 9][5, 14][7, 14][6, 14][0, 1][1, 2][3, 4][9, 13][5, 7][12, 13][8, 14][10, 11][10, 11][10, 11] 
[1, 3, 5, 7, 9, 12][8, 14, 6, 9][5, 14][3, 5][6, 14][1, 3][0, 1][1, 2][3, 4][7, 9][12, 13][10, 11][10, 12][3, 11][10, 11] 
[5, 14][3, 5][6, 14][1, 3][0, 1][1, 2][3, 4][7, 9][5, 7][12, 13][8, 14][10, 11][10, 12][3, 11][10, 11] 
[8, 14, 6, 9][5, 14][3, 5][6, 14][1, 3][0, 1][1, 2][3, 4][7, 9][1, 4][12, 13][10, 11][10, 12][3, 11][10, 11] 
[1, 3, 5, 7, 9, 12][8, 14, 6, 9][5, 14][3, 5][6, 14][1, 3][0, 1][1, 2][3, 4][7, 9][12, 13][10, 11][10, 12][3, 11][10, 11] 
[0, 1, 2, 5, 7, 9, 13, 12][5, 3, 11, 10, 9, 13][1, 3, 5, 7, 9, 10][1, 3, 11, 10, 9, 6][8, 14, 6, 9, 12][3, 5, 14, 6, 9][4, 1, 2, 5, 14][0, 1, 4][10, 11][8, 14][3, 11][10, 12][1, 3][3, 4][10, 11] 
