[8, 14][7, 9][6, 14][10, 12][9, 10][12, 13][6, 9][2, 5][0, 1][5, 14][12, 13][3, 4][1, 2][3, 5][10, 11] 
[5, 7, 14, 8][9, 13, 12][7, 9][6, 14][10, 12][9, 10][6, 9][2, 5][0, 1][5, 14][12, 13][3, 4][1, 2][3, 5][10, 11] 
[10, 9, 7, 14][1, 2, 5, 14][8, 14, 6, 9][3, 11][12, 13][10, 12][12, 13][9, 13][5, 7][10, 12][12, 13][9, 12][1, 4][10, 11][0, 1] 
[0, 1, 2, 5, 7, 9][9, 6, 14][3, 11][12, 13][9, 10][10, 12][12, 13][9, 13][10, 12][2, 5][8, 14][12, 13][9, 12][1, 4][10, 11] 
[1, 4, 3, 5, 14, 8][0, 1, 2, 5, 7, 9][5, 2, 1, 3, 11][8, 14, 6, 9][3, 11][12, 13][9, 10][10, 12][12, 13][9, 13][10, 12][10, 12][12, 13][9, 12][10, 11] 
[4, 1, 2, 5, 14, 6, 9, 12][6, 9, 7, 5, 3, 11, 10][0, 1, 2, 5, 7, 9][8, 14, 6, 9][3, 11][12, 13][9, 10][10, 12][12, 13][9, 13][10, 12][2, 5][12, 13][1, 4][10, 11] 
[1, 2, 5, 14][8, 14, 6, 9][3, 11][12, 13][9, 10][10, 12][12, 13][9, 13][5, 7][10, 12][12, 13][9, 12][1, 4][10, 11][0, 1] 
[3, 5, 7, 14, 8][9, 13, 12][7, 9][6, 14][10, 12][9, 10][6, 9][2, 5][0, 1][5, 14][12, 13][3, 4][1, 2][3, 5][10, 11] 
[2, 1, 3, 5, 7, 14, 8][9, 13, 12][7, 9][6, 14][10, 12][9, 10][6, 9][2, 5][0, 1][5, 14][12, 13][3, 4][1, 2][3, 5][10, 11] 
[5, 2, 1, 3, 11, 10, 12][3, 5, 7, 14, 8][9, 13, 12][7, 9][6, 14][10, 12][9, 10][6, 9][0, 1][5, 14][12, 13][3, 4][1, 2][3, 5][10, 11] 
[8, 14][7, 9][6, 14][10, 12][9, 10][12, 13][6, 9][2, 5][0, 1][5, 14][12, 13][3, 4][1, 2][3, 5][10, 11] 
[4, 1, 2, 5, 14, 6, 9, 12][6, 9, 7, 5, 3, 11, 10][0, 1, 2, 5, 7, 9][8, 14, 6, 9][3, 11][12, 13][9, 10][10, 12][12, 13][9, 13][10, 12][2, 5][12, 13][1, 4][10, 11] 
[5, 7, 9, 6][6, 14, 8][0, 1, 2][3, 11][12, 13][9, 10][10, 12][12, 13][9, 13][10, 12][2, 5][12, 13][9, 12][1, 4][10, 11] 
[3, 5, 7, 14, 8][9, 13, 12][7, 9][6, 14][10, 12][9, 10][6, 9][2, 5][0, 1][5, 14][12, 13][3, 4][1, 2][3, 5][10, 11] 
[2, 1, 3, 5, 7, 14, 8][9, 13, 12][7, 9][6, 14][10, 12][9, 10][6, 9][2, 5][0, 1][5, 14][12, 13][3, 4][1, 2][3, 5][10, 11] 
[5, 2, 1, 3, 11, 10, 12][3, 5, 7, 14, 8][9, 13, 12][7, 9][6, 14][10, 12][9, 10][6, 9][0, 1][5, 14][12, 13][3, 4][1, 2][3, 5][10, 11] 
