[5, 14][3, 4][0, 1][10, 11][7, 9][10, 12][2, 5][7, 14][6, 9][12, 13][8, 14][3, 11][1, 2][3, 5][6, 14] 
[4, 3, 5, 7, 9, 13][1, 2][0, 1][10, 11][3, 11][8, 14][6, 14][6, 14][6, 14][9, 10][2, 5][6, 9][12, 13][3, 5][3, 11] 
[3, 11, 10, 9][5, 14, 6][1, 2][0, 1][7, 9][8, 14][9, 13][1, 4][6, 14][9, 10][2, 5][6, 9][12, 13][3, 5][3, 11] 
[4, 3, 5, 7, 9, 13][13, 12, 9, 6, 14][3, 11, 10, 12][0, 1, 4][5, 14, 6][1, 2][10, 11][3, 11][8, 14][6, 14][6, 14][9, 10][2, 5][12, 13][3, 5] 
[6, 14, 5, 7, 9, 12, 10, 11][4, 3, 5, 7, 9, 13][3, 11, 10][1, 2][0, 1][8, 14][6, 14][6, 14][6, 14][9, 10][2, 5][6, 9][12, 13][3, 5][3, 11] 
[0, 1, 4, 3, 11, 10, 9][2, 5, 3, 11, 10, 12, 13][0, 1, 2, 5, 7, 14][13, 12, 9, 6, 14][8, 14, 6, 9][2, 1, 3, 4][1, 4][10, 11][7, 9][10, 12][7, 14][12, 13][3, 11][3, 5][6, 14] 
[0, 1, 4, 3, 11, 10, 9][2, 5, 3, 11, 10, 12, 13][0, 1, 2, 5, 7, 14][13, 12, 10, 9, 6, 14][8, 14, 6, 9][2, 1, 3, 4][1, 4][10, 11][7, 9][10, 12][7, 14][12, 13][3, 11][3, 5][6, 14] 
[5, 7, 9, 13][0, 1, 4][1, 2][10, 11][3, 11][8, 14][6, 14][6, 14][6, 14][9, 10][2, 5][6, 9][12, 13][3, 5][3, 11] 
[4, 3, 5, 7, 9, 13][0, 1, 4][1, 2][10, 11][3, 11][8, 14][6, 14][6, 14][6, 14][9, 10][2, 5][6, 9][12, 13][3, 5][3, 11] 
[1, 2][0, 1][7, 9][3, 11][8, 14][9, 13][1, 4][5, 14][6, 14][9, 10][2, 5][6, 9][12, 13][3, 5][3, 11] 
[4, 3, 5, 7, 9, 13][1, 2][0, 1][10, 11][3, 11][8, 14][6, 14][6, 14][6, 14][9, 10][2, 5][6, 9][12, 13][3, 5][3, 11] 
[7, 9, 12, 10, 11][1, 2][0, 1][3, 11][8, 14][3, 4][6, 14][6, 14][6, 14][9, 10][2, 5][6, 9][12, 13][3, 5][3, 11] 
[4, 3, 5, 7, 9, 13][13, 12, 9, 6, 14][3, 11, 10, 12][0, 1, 4][5, 14, 6][1, 2][10, 11][3, 11][8, 14][6, 14][6, 14][9, 10][2, 5][12, 13][3, 5] 
[2, 5, 3, 11, 10, 12, 13][0, 1, 3, 11, 10, 9][0, 1, 2, 5, 14][8, 14, 6, 9][13, 9, 6, 14][2, 1, 4][1, 4][10, 11][7, 9][10, 12][7, 14][12, 13][3, 11][3, 5][6, 14] 
[5, 7, 9, 13][0, 1, 4][1, 2][10, 11][3, 11][8, 14][6, 14][6, 14][6, 14][9, 10][2, 5][6, 9][12, 13][3, 5][3, 11] 
[4, 3, 5, 7, 9, 13][0, 1, 4][1, 2][10, 11][3, 11][8, 14][6, 14][6, 14][6, 14][9, 10][2, 5][6, 9][12, 13][3, 5][3, 11] 
