[5, 14][9, 10][5, 7][8, 14][6, 14][3, 5][10, 11][10, 12][2, 5][3, 11][3, 4][0, 1][1, 2][3, 4][12, 13] 
[9, 6, 14][5, 14][7, 14][0, 1][8, 14][3, 4][2, 5][10, 12][1, 3][5, 7][3, 4][9, 10][1, 2][9, 13][10, 11] 
[3, 1, 2, 5][9, 10][0, 1][10, 11][5, 14][7, 9][5, 7][8, 14][1, 4][6, 9][10, 12][10, 11][9, 10][2, 5][9, 13] 
[0, 1, 2, 5, 14, 6, 9][5, 14][9, 10][5, 14][8, 14][6, 14][3, 4][3, 11][10, 12][3, 5][5, 7][3, 4][1, 2][3, 4][9, 13] 
[8, 14, 5, 2, 1, 3, 11][3, 1, 2, 5, 14, 6][9, 10][0, 1][10, 11][5, 14][7, 9][5, 7][1, 4][6, 9][10, 12][10, 11][9, 10][2, 5][9, 13] 
[0, 1, 2, 5, 14, 6, 9][2, 5, 3, 1, 4][4, 3, 5, 14, 6][9, 12, 10, 11][5, 14][9, 10][5, 14][8, 14][6, 14][3, 4][10, 12][5, 7][1, 2][3, 4][9, 13] 
[4, 3, 11, 10, 9, 6, 14, 7][4, 3, 5, 14, 7, 9, 13, 12][0, 1, 2, 5, 14, 6, 9][3, 4, 1, 2, 5, 7][9, 13][9, 10][5, 14][8, 14][6, 14][3, 4][10, 11][10, 12][1, 3][10, 12][9, 13] 
[3, 5, 14, 7, 9][5, 14][9, 10][5, 7][8, 14][6, 14][10, 11][10, 12][1, 3][5, 7][3, 4][0, 1][1, 2][3, 4][12, 13] 
[0, 1, 2, 5, 14, 6, 9][5, 14][9, 10][5, 14][8, 14][6, 14][3, 4][10, 11][10, 12][3, 5][5, 7][3, 4][1, 2][3, 4][9, 13] 
[0, 1, 2, 5, 14, 6, 9][9, 12, 10, 11][5, 14][9, 10][5, 14][8, 14][6, 14][3, 4][10, 12][3, 5][5, 7][3, 4][1, 2][3, 4][9, 13] 
[1, 2, 5, 14, 8][9, 10][1, 3][0, 1][10, 11][5, 14][7, 9][5, 7][1, 4][6, 9][10, 12][10, 11][9, 10][2, 5][9, 13] 
[0, 1, 2, 5, 14, 6, 9][5, 14][9, 10][5, 14][8, 14][6, 14][3, 4][3, 11][10, 12][3, 5][5, 7][3, 4][1, 2][3, 4][9, 13] 
[8, 14, 5, 2, 1, 3, 11][3, 1, 2, 5, 14, 6][9, 10][0, 1][10, 11][5, 14][7, 9][5, 7][1, 4][6, 9][10, 12][10, 11][9, 10][2, 5][9, 13] 
[4, 3, 11, 10, 9, 6, 14, 7][0, 1, 2, 5, 14, 6, 9][4, 3, 5, 7, 9, 12][3, 1, 2, 5, 7][9, 13][9, 10][5, 14][8, 14][6, 14][3, 4][10, 11][10, 12][1, 3][10, 12][9, 13] 
[5, 7, 14, 6, 9, 10, 12, 13][4, 3, 11, 10, 9, 6, 14, 7][0, 1, 2, 5, 14, 6, 9][8, 14, 7, 9, 13, 12][4, 3, 5, 7, 9, 12][3, 1, 2, 5, 7][5, 14][8, 14][6, 14][3, 4][10, 11][10, 12][1, 3][10, 12][9, 13] 
[0, 1, 2, 5, 14, 6, 9][5, 14][9, 10][5, 14][8, 14][6, 14][3, 4][10, 11][10, 12][3, 5][5, 7][3, 4][1, 2][3, 4][9, 13] 
