[9, 12, 13][8, 14][0, 1][1, 4][6, 14][10, 11][2, 5][8, 14][10, 12][3, 4][7, 14][5, 7][8, 14][3, 11][3, 5] 
[0, 1, 2, 5, 3][7, 9, 10][1, 3, 11][5, 14, 6][9, 12][12, 13][10, 12][3, 4][10, 11][9, 13][1, 2][10, 12][2, 5][8, 14][6, 9] 
[2, 5, 14, 6, 9, 10, 12, 13][12, 13][8, 14][0, 1][1, 4][10, 11][1, 4][8, 14][12, 13][7, 9][7, 14][5, 7][1, 2][3, 11][3, 5] 
[1, 3, 11, 10, 12][0, 1, 2, 5, 3][7, 9, 10][5, 14, 6][9, 12][12, 13][10, 12][3, 4][10, 11][9, 13][1, 2][10, 12][2, 5][8, 14][6, 9] 
[8, 14, 7, 9, 10, 12, 13][1, 3, 11, 10, 12][0, 1, 2, 5, 3][9, 13, 12][5, 14, 6][9, 12][10, 12][3, 4][10, 11][9, 13][1, 2][10, 12][2, 5][8, 14][6, 9] 
[1, 2, 5, 7, 9, 6, 14, 8][2, 5, 14, 6, 9, 10, 12, 13][1, 3, 11, 10, 12, 13, 9, 7][0, 1, 2, 5, 7, 9, 12][12, 13][1, 4][10, 11][1, 4][8, 14][12, 13][7, 14][5, 7][1, 2][3, 11][3, 5] 
[5, 14, 6, 9, 13][8, 14][0, 1][1, 4][6, 14][10, 11][2, 5][8, 14][10, 12][7, 9][7, 14][5, 7][1, 2][3, 11][3, 5] 
[5, 14, 6, 9, 12, 13][8, 14][0, 1][1, 4][6, 14][10, 11][2, 5][8, 14][10, 12][7, 9][7, 14][5, 7][1, 2][3, 11][3, 5] 
[4, 3, 1, 2, 5, 14, 8][9, 12, 13][9, 6, 14][8, 14][0, 1][1, 4][10, 11][2, 5][8, 14][10, 12][3, 4][7, 14][5, 7][3, 11][3, 5] 
[5, 14, 6, 9, 12, 13][1, 4, 3, 11, 10, 12][1, 3, 11, 10, 12][8, 14][0, 1][6, 14][10, 11][2, 5][8, 14][7, 9][7, 14][5, 7][1, 2][3, 11][3, 5] 
[1, 3, 11, 10, 12][0, 1, 2, 5, 3][7, 9, 10][5, 14, 6][9, 12][12, 13][10, 12][3, 4][10, 11][9, 13][1, 2][10, 12][2, 5][8, 14][6, 9] 
[4, 3, 1, 2, 5, 14, 8][9, 12, 13][9, 6, 14][8, 14][0, 1][1, 4][10, 11][2, 5][8, 14][10, 12][3, 4][7, 14][5, 7][3, 11][3, 5] 
[5, 14, 6, 9, 13][8, 14][0, 1][1, 4][6, 14][10, 11][2, 5][8, 14][10, 12][7, 9][7, 14][5, 7][1, 2][3, 11][3, 5] 
[5, 14, 6][9, 12][12, 13][10, 12][3, 4][7, 9][10, 11][9, 13][1, 3][1, 2][10, 12][2, 5][8, 14][6, 9][0, 1] 
[1, 2, 5, 7, 9, 6, 14, 8][2, 5, 14, 6, 9, 10, 12, 13][1, 3, 11, 10, 12, 13, 9, 7][0, 1, 2, 5, 7, 9, 12][12, 13][1, 4][10, 11][1, 4][8, 14][12, 13][7, 14][5, 7][1, 2][3, 11][3, 5] 
[9, 12, 13][8, 14][0, 1][1, 4][6, 14][10, 11][2, 5][8, 14][10, 12][3, 4][7, 14][5, 7][8, 14][3, 11][3, 5] 
