[1, 2][3, 5][2, 5][10, 11][1, 4][9, 13][8, 14][0, 1][5, 14][7, 9][6, 14][12, 13][6, 9][7, 14][10, 12] 
[11, 3, 1, 2, 5, 14][10, 11][7, 9][3, 5][5, 7][9, 13][10, 12][8, 14][9, 12][0, 1][9, 10][2, 5][3, 4][6, 9][10, 12] 
[1, 2, 5, 14, 6, 9][0, 1, 4, 3, 11][10, 11][7, 9][1, 3][5, 7][5, 14][9, 13][10, 12][8, 14][9, 12][9, 10][2, 5][3, 4][10, 12] 
[11, 3, 1, 2, 5, 14][8, 14, 6, 9][10, 11][7, 9][3, 5][5, 7][9, 13][10, 12][9, 12][0, 1][9, 10][2, 5][3, 4][6, 9][10, 12] 
[3, 11, 10, 9, 6, 14, 7][3, 11, 10, 12, 13, 9, 7][4, 1, 2, 5, 14, 6, 9][0, 1, 3, 5, 14, 6][0, 1, 3, 5, 2][3, 5, 7][1, 2, 5][10, 12][12, 13][3, 4][7, 14][10, 11][8, 14][5, 7][9, 12] 
[3, 11, 10, 9, 6, 14, 7][3, 11, 10, 12, 13, 9, 7][4, 1, 2, 5, 14, 6, 9][0, 1, 2, 5, 14, 8][0, 1, 3, 5, 14, 6][3, 5, 7, 9][10, 12][2, 5][12, 13][3, 4][7, 14][10, 11][8, 14][5, 7][9, 12] 
[3, 5, 7][1, 4, 3][10, 11][7, 9][1, 3][5, 14][9, 13][10, 12][8, 14][9, 12][0, 1][9, 10][2, 5][6, 9][10, 12] 
[1, 2, 5, 14, 6, 9][3, 5, 7][10, 11][7, 9][1, 3][5, 14][9, 13][10, 12][8, 14][9, 12][0, 1][9, 10][2, 5][3, 4][10, 12] 
[1, 2, 5, 14, 6, 9][0, 1, 4, 3, 11][3, 5, 7][7, 9, 10][10, 11][7, 9][1, 3][5, 14][9, 13][10, 12][8, 14][9, 12][2, 5][3, 4][10, 12] 
[10, 12][2, 5][12, 13][3, 4][7, 14][10, 11][8, 14][3, 11][3, 11][3, 5][5, 7][6, 9][9, 12][1, 2][0, 1] 
[11, 3, 1, 2, 5, 14][10, 11][7, 9][3, 5][5, 7][9, 13][10, 12][8, 14][9, 12][0, 1][9, 10][2, 5][3, 4][6, 9][10, 12] 
[1, 2, 5, 14, 6, 9][0, 1, 4, 3, 11][10, 11][7, 9][1, 3][5, 7][5, 14][9, 13][10, 12][8, 14][9, 12][9, 10][2, 5][3, 4][10, 12] 
[3, 11, 10, 9, 6, 14, 7][3, 11, 10, 12, 13, 9, 7][4, 1, 2, 5, 14, 6, 9][0, 1, 3, 5, 2][3, 5, 7][10, 12][12, 13][3, 4][7, 14][10, 11][8, 14][5, 7][9, 12][1, 2][6, 14] 
[3, 11, 10, 9, 6, 14, 7][3, 11, 10, 12, 13, 9, 7][4, 1, 2, 5, 14, 6, 9][0, 1, 2, 5, 14, 8][0, 1, 3, 5, 14, 6][3, 5, 7, 9][10, 12][2, 5][12, 13][3, 4][7, 14][10, 11][8, 14][5, 7][9, 12] 
[3, 5, 7][1, 4, 3][10, 11][7, 9][1, 3][5, 14][9, 13][10, 12][8, 14][9, 12][0, 1][9, 10][2, 5][6, 9][10, 12] 
[1, 2, 5, 14, 6, 9][3, 5, 7][10, 11][7, 9][1, 3][5, 14][9, 13][10, 12][8, 14][9, 12][0, 1][9, 10][5, 7][3, 4][10, 12] 
