33755.91201027617 15.0 0.6518946692357097 
67463.26463846616 16.0 0.22607578676942838 
73010.68748194513 15.0 0.2703917790622993 
95993.04572273213 16.0 0.02569043031470777 
123448.27165700859 15.0 0.13037893384714194 
219971.7978189789 16.0 0.0032113037893384713 
222453.52419045343 15.0 0.0 
61505.658735296834 16.0 0.3134232498394348 
74526.5441173756 16.0 0.09377007064868337 
140524.38708352784 16.0 0.024405908798972382 
94639.1112348668 16.0 0.07514450867052024 
145105.377178914 16.0 0.020552344251766216 
222451.60405563883 15.0 0.010276172125883108 
33755.91201027617 15.0 0.6518946692357097 
98664.09405642774 15.0 0.2010276172125883 
72484.6755661854 15.0 0.30828516377649323 
