39776.04688503532 15.0 0.5009633911368016 
54113.38247223783 16.0 0.4765574823378292 
61618.75154576006 17.0 0.2896596017983301 
82959.61671639881 15.0 0.3037893384714194 
115288.58543354357 17.0 0.02697495183044316 
104849.53436800922 15.0 0.1014771997430957 
176090.43320494436 16.0 0.009633911368015413 
181505.909641678 15.0 0.0 
75458.31154730543 16.0 0.2896596017983301 
77490.16933113991 16.0 0.09441233140655106 
109284.6254520181 16.0 0.07771355170199101 
62268.50079519273 15.0 0.48554913294797686 
