[3, 5][3, 11][10, 11][5, 14][5, 7][2, 5][10, 12][8, 14][12, 13][1, 2][6, 14][9, 13][0, 1][3, 4][8, 14] 
[1, 2, 5, 7][6, 14][6, 9][8, 14][0, 1][10, 11][9, 13][12, 13][1, 4][9, 10][7, 9][6, 14][3, 11][8, 14][8, 14] 
[3, 1, 2, 5][8, 14, 6, 9][10, 9, 13][5, 7][5, 14][3, 11][0, 1][10, 12][3, 4][8, 14][1, 4][6, 14][7, 9][3, 4][3, 11] 
[3, 1, 2, 5, 7, 9][8, 14, 6, 9][8, 14][9, 13][9, 10][9, 12][0, 1][10, 11][1, 4][6, 14][6, 14][12, 13][6, 14][2, 5][10, 12] 
[1, 2, 5, 7, 9, 13, 12][1, 2, 5, 7, 9, 13, 12][8, 14, 6, 9][0, 1, 4][10, 12][3, 4][10, 11][9, 13][1, 4][9, 13][8, 14][10, 11][9, 12][8, 14][9, 12] 
[6, 14, 5, 2, 1, 3, 11, 10][1, 2, 5, 7, 9, 13, 12][1, 2, 5, 7, 9, 13, 12][4, 3, 5, 14, 8][6, 9, 10][0, 1, 4][10, 11][1, 4][0, 1][5, 14][10, 12][8, 14][5, 14][8, 14][1, 4] 
[3, 1, 2, 5, 7, 9][6, 14][8, 14][6, 9][9, 10][10, 12][0, 1][3, 11][12, 13][1, 4][8, 14][6, 14][6, 14][8, 14][9, 13] 
[11, 3, 1, 2, 5, 14][9, 13, 12][12, 13][10, 12][6, 9][10, 11][0, 1][7, 9][8, 14][3, 4][0, 1][6, 14][5, 7][7, 9][10, 12] 
[3, 1, 2, 5, 7, 9][8, 14, 6, 9][3, 1, 2, 5][10, 9, 13][10, 11][3, 4][9, 12][0, 1][9, 12][5, 7][12, 13][3, 11][1, 4][1, 4][3, 5] 
[2, 1, 3, 11][9, 13, 12][3, 5][8, 14][3, 4][0, 1][5, 7][6, 14][10, 11][10, 12][6, 14][10, 11][5, 14][5, 7][6, 14] 
