37715.879897238294 15.0 0.6140012845215157 
67801.80498907133 15.0 0.24409044193216856 
108278.28400573065 16.0 0.010277492291880781 
90446.76760986478 15.0 0.14261381976169682 
178314.01070861536 16.0 0.0 
209384.02317537263 15.0 0.0 
68669.29645012584 16.0 0.23508245233884806 
78979.04947677717 16.0 0.11496467565831728 
97146.51511120681 16.0 0.09506680369989721 
41696.00192678227 15.0 0.5118818240205524 
67801.80498907133 15.0 0.24409044193216856 
156633.46302087005 16.0 1.463481610065234E-115 
186018.69251734074 15.0 0.05394990366088632 
69077.32344680205 16.0 0.2331554225659163 
78078.89234996965 16.0 0.12589928057553956 
97146.51511120681 16.0 0.09506680369989721 
