41580.288013808604 15.0 0.6750160565189467 
102309.58474163031 15.0 0.426461143224149 
88592.49980310332 16.0 0.06551389736774403 
117158.67337279691 15.0 0.11112538540596095 
217150.8436253159 16.0 0.0 
194835.5772593267 15.0 1.0304618838823816E-12 
65928.59852701392 16.0 0.34108427543630604 
75788.68018807044 16.0 0.11112538540596095 
115797.45672726061 16.0 0.05530034249782098 
45864.399486191396 15.0 0.4849068721901092 
88592.49979815524 16.0 0.06551901270357967 
176006.63588405077 16.0 0.005138746145940391 
229734.84370317444 15.0 0.0 
65928.59852701392 16.0 0.34108427543630604 
75788.68018807044 16.0 0.11112538540596095 
138947.84663469918 16.0 0.046885035324341684 
