37085.639049454076 15.0 0.6467565831727682 
50853.68988610513 16.0 0.47469076736205856 
74322.91669136212 15.0 0.24087724040420844 
73610.80868608314 16.0 0.1933378978072703 
80617.2667500235 17.0 0.07261778802424998 
97886.93564388773 15.0 0.13424974308388996 
132133.60800124923 16.0 0.01220452209660843 
191663.9964753732 15.0 2.448255979449544E-18 
65914.99639239731 16.0 0.2550102774922919 
78734.67253710605 17.0 0.18819230202838075 
84561.52126148638 16.0 0.07707129094412331 
45917.97340699357 15.0 0.48368447721352514 
69249.61582056792 16.0 0.19461490960705768 
132134.3790358452 16.0 0.012204522096608428 
202239.12021846414 15.0 4.0396114086458015E-26 
65914.99639239731 16.0 0.2550102774922919 
