34518.66318010827 15.0 0.596660244059088 
55641.28445391331 16.0 0.30956968529222867 
67802.16000229985 15.0 0.21711202466565885 
78698.47884573943 16.0 0.1136853516284837 
87364.60112047405 15.0 0.0693724953975713 
121874.05960245297 16.0 0.045606372045220965 
199914.53509183304 15.0 9.874633046499804E-87 
60345.010352036945 16.0 0.25115184483296926 
76693.89508275836 17.0 0.12461319015435175 
106818.03246343078 17.0 0.031474820080362516 
59603.82043195245 17.0 0.25244090231017013 
199976.95326427167 15.0 1.2684178608220686E-90 
76693.8950811124 17.0 0.12461459385872246 
150333.70360536643 16.0 0.012846865364823748 
67802.16000229985 15.0 0.21711202466565885 
91065.27199192512 15.0 0.06487667009249744 
