37665.81888246629 15.0 0.6229929351316634 
55848.60694713089 17.0 0.30959485094596056 
66734.98016668097 15.0 0.22609476415560137 
94562.11691952101 16.0 0.04240669997182632 
111438.58578097254 15.0 0.1477389513566299 
174894.44942838565 16.0 2.830566303733485E-208 
192899.9649648522 15.0 6.30122567277015E-185 
77764.35293609797 16.0 0.1361592806679512 
89634.62394006444 15.0 0.19591461430318866 
127380.72159562902 16.0 0.029543994861913937 
46706.43237598174 15.0 0.43612022024589636 
67239.62335240793 15.0 0.19654812896173568 
94567.81033799415 16.0 0.042394657251120335 
111523.08157840637 15.0 0.1477363113637909 
174894.44942838565 16.0 2.830566303733485E-208 
735521.8486727021 15.0 3.635923318861252E-212 
