34745.94733461786 15.0 0.6409762363519589 
65315.571995329745 15.0 0.3012202954399486 
84892.48801609436 16.0 0.18820096688957672 
93827.48897686251 15.0 0.14452723535457349 
149412.56731375598 17.0 0.014129736673089274 
160711.38541232297 15.0 1.401652490489229E-211 
55249.98919993499 16.0 0.3590583365337714 
59789.847540250936 17.0 0.2909441233140655 
81285.34319866859 16.0 0.24414316233098102 
88780.73454250295 17.0 0.11626644442784753 
101372.3259652929 16.0 0.08992805755392011 
146820.15607514727 17.0 0.0141315516681661 
376452.68278423155 15.0 0.0 
63066.55458125368 17.0 0.27941932168520106 
80786.16859124671 16.0 0.26527225783370006 
80999.6683535091 17.0 0.1252408477842004 
