[3, 11][6, 9][9, 13][2, 5][10, 11][1, 3][3, 4][0, 1][8, 14][5, 7][5, 14][1, 2][6, 14][1, 4][10, 12] 
[6, 14, 7][1, 3][1, 2][1, 4][2, 5][5, 7][3, 11][7, 9][3, 11][8, 14][0, 1][10, 11][10, 12][3, 11][9, 13] 
[5, 7, 14, 6, 9, 13][5, 14, 7, 9][1, 3][1, 2][1, 4][2, 5][5, 7][3, 11][3, 11][8, 14][0, 1][10, 11][10, 12][9, 10][5, 14] 
[3, 5, 14, 6][5, 7, 9][1, 3][1, 2][1, 4][2, 5][5, 7][3, 11][8, 14][0, 1][10, 11][10, 12][9, 10][9, 13][5, 14] 
[0, 1, 4, 3, 5][5, 7, 9, 6][1, 3][1, 4][9, 10][10, 12][9, 13][10, 11][3, 11][1, 4][3, 4][5, 14][2, 5][8, 14][5, 14] 
[11, 3, 5, 14, 6, 9, 12, 13][5, 7, 9][10, 9, 13][1, 3][1, 2][1, 4][2, 5][5, 7][3, 11][8, 14][0, 1][10, 11][10, 12][9, 10][5, 14] 
[4, 3, 5, 7, 9, 6, 14, 8][10, 9, 12, 13][0, 1, 3][3, 11, 10][1, 2][1, 3][1, 4][10, 12][10, 12][10, 11][1, 4][3, 4][5, 14][2, 5][5, 14] 
[4, 3, 5, 7, 9, 6, 14, 8][10, 11, 3, 1, 2, 5, 14][1, 2, 5, 7, 9, 6][0, 1, 3, 11, 10, 9][10, 9, 12, 13][1, 3][1, 4][10, 12][9, 13][3, 11][1, 4][3, 4][5, 14][2, 5][5, 14] 
[5, 14, 7, 9][6, 9, 13][1, 3][1, 2][3, 11][2, 5][1, 4][8, 14][10, 11][10, 12][0, 1][5, 7][5, 14][3, 11][9, 10] 
[3, 5, 7, 9, 6, 14, 8][1, 4][0, 1][1, 2][12, 13][10, 11][5, 14][9, 10][5, 14][10, 12][3, 4][5, 14][1, 2][5, 14][1, 3] 
[4, 3, 5, 7, 9, 6, 14, 8][10, 9, 12, 13][1, 2, 5][3, 4][0, 1][10, 11][1, 4][5, 14][1, 3][1, 4][9, 13][5, 14][8, 14][10, 12][5, 14] 
[6, 9, 13][1, 3][1, 2][3, 11][2, 5][1, 4][8, 14][10, 11][10, 12][0, 1][5, 14][5, 7][5, 14][3, 11][9, 10] 
[5, 7, 9, 6][1, 2, 5][3, 4][9, 10][0, 1][10, 11][1, 4][5, 14][1, 3][1, 4][9, 13][5, 14][8, 14][10, 12][5, 14] 
[4, 3, 5, 7, 9, 6, 14, 8][10, 9, 12, 13][0, 1, 3][3, 11, 10][1, 2][1, 3][1, 4][10, 12][10, 12][10, 11][1, 4][3, 4][5, 14][2, 5][5, 14] 
[4, 3, 5, 7, 9, 6, 14, 8][1, 2, 5, 7, 9, 6][0, 1, 3, 11, 10, 9][10, 9, 12, 13][1, 3, 11, 10][1, 3][1, 4][10, 12][9, 13][3, 11][1, 4][3, 4][5, 14][2, 5][5, 14] 
[5, 14, 7, 9][6, 9, 13][1, 3][1, 2][3, 11][2, 5][1, 4][8, 14][10, 11][10, 12][0, 1][5, 7][5, 14][3, 11][9, 10] 
