[3, 11][10, 11][3, 5][7, 9][9, 13][2, 5][12, 13][5, 14][8, 14][3, 4][1, 2][0, 1][6, 14][10, 12][8, 14] 
[3, 5, 7, 14, 6][8, 14][7, 14][3, 11][6, 14][2, 5][1, 2][1, 4][0, 1][7, 9][9, 13][9, 10][12, 13][7, 14][3, 5] 
[8, 14, 6, 9, 13][1, 2, 5][5, 14][3, 5][6, 14][3, 4][3, 11][10, 11][0, 1][10, 12][5, 7][12, 13][9, 10][3, 11][7, 9] 
[1, 2, 5, 14, 6, 9, 13, 12][0, 1, 3, 4][3, 11, 10][5, 14][3, 5][6, 14][8, 14][9, 10][8, 14][5, 14][12, 13][5, 7][3, 11][6, 14][1, 4] 
[8, 14, 6, 9, 13, 12, 10, 11][5, 14, 6][1, 2, 5][7, 9, 13][3, 5][6, 14][3, 4][3, 11][10, 11][0, 1][10, 12][5, 7][12, 13][9, 10][3, 11] 
[4, 1, 2, 5, 14, 6, 9, 13][0, 1, 2, 5, 7, 9][1, 3, 5, 7, 14, 8][3, 11, 10, 12, 9, 6][6, 9, 10][5, 14][3, 5][6, 14][3, 11][8, 14][8, 14][5, 14][12, 13][6, 14][1, 4] 
[4, 1, 2, 5, 14, 6, 9, 13][3, 5, 7, 14, 6, 9, 10][0, 1, 2, 5, 7, 9][1, 3, 5, 7, 14, 8][3, 11, 10, 12, 9, 6][5, 14][3, 5][6, 14][3, 11][8, 14][8, 14][5, 14][12, 13][6, 14][1, 4] 
[1, 2, 5, 14, 6, 9, 13][5, 14][3, 5][0, 1][6, 14][3, 11][8, 14][9, 10][8, 14][5, 14][12, 13][5, 7][3, 11][6, 14][1, 4] 
[3, 5, 7, 14, 6, 9, 12][3, 11, 10][5, 7, 9][3, 5, 7][8, 14][7, 14][6, 14][2, 5][1, 2][1, 4][0, 1][9, 13][9, 10][12, 13][7, 14] 
[4, 1, 2, 5, 14, 6, 9, 13][0, 1, 2, 5, 7][3, 11, 10, 12, 9][5, 14][3, 5][6, 14][3, 11][8, 14][9, 10][8, 14][5, 14][12, 13][1, 3][6, 14][1, 4] 
[8, 14][7, 14][3, 5][3, 11][6, 14][2, 5][1, 2][1, 4][0, 1][7, 9][9, 13][9, 10][12, 13][7, 14][5, 7] 
[8, 14, 6, 9, 13][5, 14, 6][1, 2, 5][3, 5][6, 14][3, 4][3, 11][10, 11][0, 1][10, 12][5, 7][12, 13][9, 10][3, 11][7, 9] 
[1, 2, 5, 14, 6, 9, 13, 12][0, 1, 3, 4][3, 11, 10][5, 14][3, 5][6, 14][8, 14][9, 10][8, 14][5, 14][12, 13][5, 7][3, 11][6, 14][1, 4] 
[8, 14, 6, 9, 13, 12, 10, 11][5, 14, 6][1, 2, 5][7, 9, 13][3, 5][6, 14][3, 4][3, 11][10, 11][0, 1][10, 12][5, 7][12, 13][9, 10][3, 11] 
[4, 1, 2, 5, 14, 6, 9, 13][0, 1, 2, 5, 7, 9][1, 3, 5, 7, 14, 8][3, 11, 10, 12, 9, 6][6, 9, 10][5, 14][3, 5][6, 14][3, 11][8, 14][8, 14][5, 14][12, 13][6, 14][1, 4] 
[5, 14, 7, 9, 13, 12, 10, 11][3, 5, 14, 6, 9, 13, 12, 10][5, 7, 14, 6, 9, 10, 12, 13][4, 1, 2, 5, 14, 6, 9, 13][8, 14, 6, 9, 13, 12, 10, 11][5, 14, 7, 9, 13, 12, 10, 11][4, 1, 3, 5, 14, 7, 9, 6][8, 14, 7, 9, 13, 12, 10][0, 1, 2, 5, 7, 9][1, 3, 5, 7, 14, 8][3, 11, 10, 12, 9, 6][6, 9, 10][3, 11][12, 13][6, 14] 
