[0, 1][1, 2][2, 5][5, 14][6, 14][6, 9][8, 14][7, 14][9, 13][3, 5][3, 4][12, 13][10, 12][10, 11][8, 14] 
[3, 1, 2, 5][9, 6, 14][6, 14][10, 12][7, 9][9, 13][8, 14][10, 11][5, 7][3, 4][0, 1][9, 10][12, 13][12, 13][12, 13] 
[2, 1, 3, 11, 10, 12, 13][3, 5, 7, 9, 6, 14, 8][0, 1, 2, 5, 7][3, 11][8, 14][1, 2][9, 13][9, 10][5, 14][1, 2][10, 11][1, 2][3, 4][5, 14][5, 14] 
[7, 14, 5, 3, 11, 10, 12, 13][4, 3, 1, 2, 5][9, 13, 12][6, 14][10, 12][7, 9][8, 14][10, 11][5, 7][3, 4][0, 1][9, 10][6, 9][12, 13][12, 13] 
[2, 1, 3, 11, 10, 12, 13][11, 3, 4, 1, 2, 5, 14][3, 5, 7, 9, 6, 14, 8][0, 1, 2, 5, 7][3, 11][8, 14][1, 2][9, 13][9, 10][5, 14][1, 2][10, 11][1, 2][5, 14][5, 14] 
[1, 3, 5, 7, 9, 6, 14, 8][5, 2, 1, 3, 11, 10, 12, 13][11, 3, 4, 1, 2, 5, 14][3, 5, 7, 9, 6, 14, 8][0, 1, 2, 5, 7][3, 11][1, 2][9, 13][9, 10][5, 14][1, 2][10, 11][1, 2][5, 14][5, 14] 
[3, 5, 7, 9][1, 2][0, 1][9, 10][5, 14][3, 4][8, 14][9, 13][6, 9][10, 11][10, 12][3, 4][5, 14][2, 5][12, 13] 
[1, 3, 5, 7, 9][10, 12][12, 13][9, 10][10, 11][7, 14][3, 4][1, 2][6, 9][0, 1][8, 14][5, 14][9, 13][10, 11][2, 5] 
[1, 2, 5, 14, 6, 9][3, 1, 2, 5][6, 14][10, 12][7, 9][9, 13][8, 14][10, 11][5, 7][3, 4][0, 1][9, 10][12, 13][12, 13][12, 13] 
[3, 4][8, 14][2, 5][12, 13][0, 1][5, 7][6, 9][5, 14][1, 2][10, 11][3, 5][9, 10][6, 14][9, 13][8, 14] 
[3, 1, 2, 5][9, 6, 14][6, 14][10, 12][7, 9][9, 13][8, 14][10, 11][5, 7][3, 4][0, 1][9, 10][12, 13][12, 13][12, 13] 
[5, 2, 1, 3, 11, 10, 12, 13][3, 5, 7, 9, 6, 14, 8][8, 14, 6, 9, 12][0, 1, 2, 5][1, 4, 3][3, 11][1, 2][9, 13][9, 10][5, 14][1, 2][10, 11][1, 2][5, 14][5, 14] 
[5, 2, 1, 3, 11, 10, 12, 13][3, 5, 7, 9, 6, 14, 8][3, 5, 7, 9, 6, 14, 8][9, 13][3, 4][0, 1][9, 13][1, 2][12, 13][9, 13][8, 14][1, 2][5, 14][3, 11][5, 14] 
[3, 5, 7, 9][10, 12][12, 13][9, 10][10, 11][7, 14][3, 4][1, 2][6, 9][0, 1][8, 14][5, 14][9, 13][10, 11][2, 5] 
[1, 3, 5, 7, 9][12, 13][10, 12][9, 10][6, 9][3, 4][0, 1][1, 2][5, 14][8, 14][3, 11][8, 14][9, 13][5, 14][9, 13] 
[1, 2, 5, 14, 6, 9][3, 1, 2, 5][6, 14][10, 12][7, 9][9, 13][8, 14][10, 11][5, 7][3, 4][0, 1][9, 10][12, 13][12, 13][12, 13] 
