[4, 3, 5, 7][8, 14][7, 14][3, 11][2, 5][6, 9][10, 11][10, 12][1, 2][9, 13][0, 1][8, 14][8, 14][7, 14][12, 13] 
[9, 7, 14][10, 12][12, 13][3, 5][5, 7][6, 9][3, 4][10, 11][1, 2][8, 14][9, 10][0, 1][12, 13][1, 3][2, 5] 
[8, 14, 6, 9, 12, 13][3, 11, 10][10, 12][12, 13][3, 5][5, 7][3, 4][7, 9][1, 2][8, 14][9, 10][0, 1][12, 13][1, 3][2, 5] 
[1, 4, 3, 5, 7, 9][3, 11, 10][1, 2][8, 14][0, 1][6, 9][8, 14][2, 5][7, 14][12, 13][7, 14][12, 13][10, 12][9, 10][7, 14] 
[13, 12, 9, 6, 14][0, 1, 2, 5, 14][3, 11, 10][10, 12][12, 13][3, 5][5, 7][3, 4][7, 9][1, 2][8, 14][9, 10][12, 13][1, 3][2, 5] 
[8, 14, 5, 7, 9, 13, 12, 10][1, 4, 3, 5, 7, 9][9, 10, 12][1, 2][8, 14][10, 11][0, 1][6, 9][2, 5][7, 14][12, 13][7, 14][12, 13][10, 12][7, 14] 
[3, 5, 7, 14, 6, 9, 10, 11][2, 1, 4, 3, 5, 14, 7, 9][0, 1, 2, 5, 14, 6][6, 9, 12, 13][10, 12][12, 13][5, 7][3, 4][10, 11][1, 2][8, 14][9, 10][12, 13][1, 3][2, 5] 
[9, 6, 14][3, 11, 10][10, 12][12, 13][3, 5][5, 7][3, 4][7, 9][1, 2][8, 14][9, 10][0, 1][12, 13][1, 3][2, 5] 
[1, 4, 3, 5, 7, 9][1, 2][8, 14][10, 11][0, 1][6, 9][8, 14][2, 5][7, 14][12, 13][7, 14][12, 13][10, 12][9, 10][7, 14] 
[2, 1, 4, 3, 5, 7, 9, 12][5, 14, 8][0, 1][1, 3][2, 5][7, 14][3, 11][10, 11][10, 12][12, 13][9, 13][6, 9][3, 11][8, 14][9, 13] 
[4, 3, 5, 7, 9][1, 2][8, 14][10, 11][0, 1][6, 9][8, 14][2, 5][7, 14][12, 13][7, 14][12, 13][10, 12][9, 10][7, 14] 
[3, 5, 7, 14, 6, 9, 10, 11][2, 1, 4, 3, 5, 14, 7, 9][0, 1, 2, 5, 14, 6][6, 9, 12, 13][10, 12][12, 13][5, 7][3, 4][10, 11][1, 2][8, 14][9, 10][12, 13][1, 3][2, 5] 
[1, 4, 3, 5, 7, 9][1, 2][8, 14][10, 11][0, 1][6, 9][8, 14][2, 5][7, 14][12, 13][7, 14][12, 13][10, 12][9, 10][7, 14] 
[8, 14, 6, 9, 12, 13][1, 4, 3, 5, 7, 9][0, 1, 2, 5, 14][3, 11, 10][7, 14][1, 2][1, 2][2, 5][0, 1][1, 2][12, 13][10, 12][10, 12][12, 13][12, 13] 
[8, 14, 6, 9, 12, 13][3, 11, 10][10, 12][12, 13][3, 5][5, 7][3, 4][7, 9][1, 2][8, 14][9, 10][0, 1][12, 13][1, 3][2, 5] 
[8, 14, 6, 9, 12, 13][0, 1, 2, 5, 14][3, 11, 10][10, 12][12, 13][3, 5][5, 7][3, 4][7, 9][1, 2][8, 14][9, 10][12, 13][1, 3][2, 5] 
