35495.65189466924 15.0 0.6795118818240206 
67532.5882684418 15.0 0.2704201589853188 
105320.40954176 17.0 0.026419975835815547 
104941.22362379961 15.0 0.16379349026654758 
182612.93961509515 16.0 0.01798330122029544 
193731.02096608008 15.0 0.0 
69542.59635892125 16.0 0.269109567540298 
71179.22332044903 16.0 0.16506101477199744 
90987.58647073167 15.0 0.22093770070648683 
96815.36727652585 16.0 0.10211946050096339 
50048.49883143258 15.0 0.47272495741686144 
58987.38935721505 15.0 0.2915863840719332 
169177.17553461646 16.0 0.023763648041104687 
193731.02096608008 15.0 0.0 
89435.04902928422 17.0 0.12203293769760254 
52509.28412161753 15.0 0.4161849710982659 
