34641.503304535196 15.0 0.6140012845215157 
60301.64597711061 16.0 0.1978191184156413 
75703.03147077713 17.0 0.0680796403339756 
76493.73566070877 15.0 0.23892100192678228 
106887.16067888119 16.0 0.021836865767501604 
95873.11939832676 15.0 0.12911099691675232 
210302.14556979702 16.0 0.0 
247637.9477225285 15.0 2.736449159432282E-13 
47236.17648093893 16.0 0.37443802183686575 
70328.72962337409 16.0 0.10276172125883108 
168376.18758180118 16.0 0.020552344251766216 
46371.29736673089 15.0 0.4405908798972383 
60301.64597711061 16.0 0.1978191184156413 
59391.019080631166 15.0 0.24534360950545922 
247637.9477225285 15.0 2.736449159432282E-13 
70525.16184978922 16.0 0.09633911368015415 
