37485.65189466924 15.0 0.6795118818240206 
70348.3471255145 15.0 0.2594942205405627 
107394.15550963162 16.0 0.03018625561978163 
114816.18995706922 15.0 0.11628096445204578 
206176.47502704742 16.0 0.005204415883021917 
207841.86479095535 15.0 0.0 
62968.189249318035 16.0 0.2729608220937701 
78710.25681077004 16.0 0.09312780989081568 
105586.19577718298 16.0 0.07514450867052024 
43646.273726020816 15.0 0.5799621328729457 
64876.99723781839 15.0 0.30190207359062543 
91722.41559947724 15.0 0.17985034094978447 
178414.33409169273 16.0 0.011560693641618497 
67644.21404504425 16.0 0.24341682723185612 
77110.84912978343 16.0 0.16250690828059755 
99794.24786820744 16.0 0.08358118328604035 
