35345.536287732815 15.0 0.6724470134874759 
52592.160050879975 16.0 0.3262684649967887 
64451.77806966321 15.0 0.24341682723185612 
68743.89809672617 16.0 0.158666460720771 
88565.09262729503 17.0 0.06425412931421996 
121506.68414599581 15.0 0.18371018278150494 
137598.55754400897 16.0 0.019270301745684164 
209126.86179446013 15.0 0.0 
60511.4881740066 16.0 0.2183967112024666 
65383.892084459556 17.0 0.12202954399486192 
100591.76013574791 16.0 0.11175749738772152 
129363.21045042234 17.0 0.01800112170189058 
63347.274109419064 15.0 0.4123314065510597 
50582.98497089573 15.0 0.45022479126525367 
134332.818155323 16.0 0.03211716341212744 
177511.99128345065 15.0 0.025063844514321757 
