37335.94100401216 15.0 0.5992294543271515 
47052.266802674836 16.0 0.4193962748876044 
55952.77633979223 17.0 0.262684649967887 
76499.529495635 15.0 0.22800256904303148 
77395.1970501787 16.0 0.11047809151543948 
101248.96165124145 17.0 0.044965266432485516 
107599.35216829902 15.0 0.10213258176984165 
163335.99861464277 16.0 0.00899165061014772 
246274.56412013588 15.0 0.0 
63984.678606254034 16.0 0.1913937058445729 
74876.80803676332 17.0 0.11175337186897881 
105278.47796581629 16.0 0.0719424476964028 
66213.93569331174 15.0 0.260770986844158 
99074.2102527583 17.0 0.05459356765687463 
162646.66428728343 16.0 0.048811817597944764 
237400.6951930394 15.0 0.01348747591522158 
