36875.802825947336 15.0 0.6467565831727682 
55721.85511779707 16.0 0.2543352601156069 
73246.37351274343 15.0 0.2029975524122403 
84178.24497728939 16.0 0.14771997430956968 
96979.95629394044 17.0 0.0167177546530905 
108794.34346562374 15.0 0.1355429273093229 
111977.20076212185 16.0 0.015416240949342378 
230580.38646745693 15.0 0.0 
66518.07896114752 16.0 0.24534360950545922 
67016.73853060509 17.0 0.23763648041104687 
70321.75374987503 18.0 0.13680154142581888 
101949.93208254286 15.0 0.20168910307879037 
93403.00048819224 16.0 0.09569685292228645 
42325.856729529994 15.0 0.6455551389316856 
71911.81682343494 15.0 0.28516377649325625 
93402.1024588171 16.0 0.09570914538894314 
