34745.748276285085 15.0 0.6846499775211488 
55326.125261535606 16.0 0.2935131663455363 
71722.70172773427 15.0 0.2594733461785485 
98497.0333749517 16.0 0.04625061261759695 
99365.46834496352 15.0 0.09958449265355694 
240148.49957630306 16.0 0.0 
223196.0379425137 15.0 1.5896364778417403E-16 
54540.85770655222 16.0 0.3943481053307643 
67157.98113171071 16.0 0.15157353885677585 
81247.48211314248 15.0 0.1682723185613359 
34745.748283701694 15.0 0.6846499678869621 
70930.75151361799 15.0 0.2703917790622993 
102991.75751831198 16.0 0.034689919410466674 
235392.05770151952 16.0 2.0419222579855366E-20 
262573.55719106714 15.0 0.0 
61117.67826949815 16.0 0.1926782273603083 
