36963.99535596068 15.0 0.5298651252408478 
54237.25054008291 16.0 0.2575465639049454 
70748.892445777 15.0 0.20423892100192678 
71942.79430654728 16.0 0.10533076429030186 
108967.15523826293 15.0 0.12267180475272961 
185591.74422487002 17.0 0.01349712947054106 
194396.75789274753 15.0 0.0 
64700.97275583707 16.0 0.13359023763648042 
66734.00946535723 17.0 0.10213439416877156 
95913.99493680373 16.0 0.07515894613135862 
182001.64871286045 16.0 0.048811817597944764 
44460.56399275491 16.0 0.4496402877697842 
63525.3278521737 15.0 0.2896596017983301 
63503.132224607914 16.0 0.22029543994861914 
65726.63502009644 17.0 0.11625860388649457 
96605.43567940267 16.0 0.07515292816213323 
