33365.83172768144 15.0 0.6846499678869621 
45706.36305678748 16.0 0.5164439876670092 
70171.48233624137 15.0 0.27874116891457934 
74828.10759259935 16.0 0.19976875312725711 
112722.5594491255 17.0 0.015414258188824663 
83218.92934712472 15.0 0.1368191175454011 
180204.77439174202 16.0 0.008361352319831832 
191693.393867163 15.0 0.0 
62050.17798169813 16.0 0.26140012845215155 
81862.99636085065 17.0 0.16698779704560052 
97840.61036239845 16.0 0.08734746307000642 
49566.391457564554 15.0 0.4238921001926782 
53793.48747591523 15.0 0.2825947334617855 
74827.69949241851 16.0 0.19976875642300929 
64737.83910018258 16.0 0.24341682723185612 
90686.01012121308 16.0 0.09312780989081568 
