37355.53628773282 15.0 0.6878612716763006 
48567.051650887086 16.0 0.3487923946556903 
68580.06408942814 15.0 0.25179988076597637 
85647.60871635951 16.0 0.18689788053949905 
91019.01690979865 17.0 0.06551901336073998 
124428.90988301589 15.0 0.13361474196733392 
152807.73588334039 16.0 0.029543994861913937 
212455.31080281947 15.0 0.0 
68196.51514668857 16.0 0.1907759494175587 
70301.08856479835 17.0 0.12780989081567115 
99154.75168053407 16.0 0.12333675294905763 
41202.48920300666 15.0 0.6396917148362236 
67689.8973128127 15.0 0.2620747334464696 
88440.00035918562 16.0 0.17664439788712713 
123080.36945624166 16.0 0.05074239486125394 
150725.94367313234 17.0 0.023121387283236993 
