[4, 1, 2, 5, 7][6, 9, 13][0, 1][3, 5][6, 14][3, 11][10, 11][8, 14][8, 14][8, 14][6, 14][8, 14][10, 12][6, 14][12, 13] 
[1, 2, 5, 7][6, 9][6, 14][9, 10][10, 12][8, 14][12, 13][7, 9][1, 4][0, 1][3, 5][10, 11][8, 14][6, 14][6, 14] 
[0, 1, 4, 3][6, 9, 10, 11][1, 2, 5][5, 7][1, 4][3, 4][7, 9][3, 11][6, 14][9, 12][8, 14][12, 13][8, 14][8, 14][8, 14] 
[1, 2, 5, 7, 9][10, 9, 12, 13][3, 5][6, 9][1, 4][6, 14][10, 11][8, 14][0, 1][6, 14][8, 14][8, 14][6, 14][8, 14][8, 14] 
[0, 1, 4, 3, 5, 14, 8][9, 10, 11][2, 5, 7][0, 1, 4][2, 5, 7][3, 11][7, 9][9, 12][6, 9][6, 14][8, 14][1, 2][12, 13][8, 14][8, 14] 
[1, 3, 11, 10, 12, 9, 13][2, 5, 7, 9, 6, 14, 8][4, 1, 2, 5, 7][10, 12][12, 13][9, 10][3, 11][7, 9][6, 9][0, 1][6, 14][8, 14][6, 14][8, 14][8, 14] 
[6, 14, 7, 9, 12, 10, 11][0, 1, 4, 3, 5, 14, 8][0, 1, 4, 3, 5, 7][13, 9, 7, 14][2, 5, 7][12, 13][7, 14][6, 9][8, 14][9, 12][9, 13][3, 5][9, 13][9, 10][3, 11] 
[1, 2, 5, 7, 9][6, 9][9, 13][1, 4][6, 14][9, 10][3, 5][0, 1][8, 14][12, 13][10, 11][8, 14][8, 14][6, 14][6, 14] 
[1, 2, 5, 7, 9][10, 12, 13][0, 1, 3][9, 10][3, 5][6, 9][1, 4][6, 14][10, 11][6, 14][8, 14][8, 14][6, 14][8, 14][8, 14] 
[8, 14, 6, 9, 12, 13][1, 2, 5, 7, 9][9, 10, 12][2, 5][1, 4][3, 5][6, 14][8, 14][0, 1][10, 12][12, 13][8, 14][9, 13][8, 14][10, 11] 
[8, 14, 5, 3, 11, 10, 9][8, 14, 6, 9, 12, 13][1, 2, 5, 7, 9][6, 14][8, 14][7, 9][3, 5][1, 4][9, 10][0, 1][9, 13][9, 12][9, 13][0, 1][8, 14] 
[3, 11, 10][2, 5][1, 2][1, 4][9, 10][3, 5][6, 9][6, 14][5, 7][0, 1][10, 12][12, 13][8, 14][9, 13][8, 14] 
[1, 2, 5][9, 12][9, 10][12, 13][7, 9][5, 7][3, 5][3, 4][0, 1][10, 11][6, 9][6, 14][8, 14][8, 14][0, 1] 
[2, 5, 7, 9][0, 1, 4][9, 10][6, 14][10, 11][12, 13][3, 5][8, 14][6, 9][9, 12][6, 14][8, 14][9, 13][1, 2][8, 14] 
[1, 2, 5, 7, 9][10, 12, 13][9, 10][3, 5][6, 9][1, 4][6, 14][10, 11][0, 1][6, 14][8, 14][8, 14][6, 14][8, 14][8, 14] 
[1, 3, 11, 10, 12, 9, 13][4, 1, 2, 5, 7][10, 12][12, 13][9, 10][3, 11][7, 9][6, 9][0, 1][6, 14][8, 14][6, 14][6, 14][8, 14][8, 14] 
