37683.670520231215 15.0 0.5940912010276173 
84188.82875615568 15.0 0.20616570327552985 
96255.31113386978 15.0 0.13360739979445016 
162273.045388204 16.0 0.02697495183044316 
241836.25873187458 15.0 0.0 
58524.17295103931 16.0 0.21901091843288376 
75225.4223328558 16.0 0.09569685292228645 
95074.05690916984 16.0 0.04945407835581246 
52013.1480625754 15.0 0.4508670520231214 
77690.190398369 15.0 0.3924213230571612 
130545.93840489909 15.0 0.09698137443802184 
204888.63439637944 16.0 0.0 
152301.55140519334 15.0 0.03789338471419396 
71663.09636581008 16.0 0.17469492614001284 
72048.1026117115 17.0 0.06422607578676943 
107183.68437428649 16.0 0.03789338471419396 
