33965.5427103404 15.0 0.6987797045600513 
55761.6881359998 15.0 0.2780989081567116 
70733.78560195709 16.0 0.14515093127809892 
89174.46739733411 17.0 0.07450785861850609 
99096.21804342524 15.0 0.1419578599393049 
118190.45155722188 16.0 0.04689105858160668 
183897.5165169336 15.0 0.0 
53094.3322830791 16.0 0.2549792560180937 
64226.032325310516 17.0 0.16056518946692358 
86118.32003980035 15.0 0.22800256904303148 
75808.55850239903 16.0 0.09120102761721259 
178201.41512927716 16.0 0.04238921001926782 
80069.4398847563 15.0 0.24280385389454628 
68296.5796147482 16.0 0.20488118175979447 
95289.78457304457 17.0 0.04367934506987284 
34983.52191438 15.0 0.6737315350032113 
