35865.77713551702 15.0 0.642903018625562 
49440.81397873717 16.0 0.4527938342967245 
78124.74325500197 15.0 0.2640029182475756 
107335.83697261366 17.0 0.0590955806783145 
106064.61277587053 15.0 0.09890815671162492 
157748.06858766027 16.0 0.006422607578676943 
229358.67412949624 15.0 0.0 
64092.57339383016 16.0 0.17405266538214514 
71561.47088196753 17.0 0.12780989081567115 
94005.689773397 15.0 0.19655703683903758 
92141.46004168454 16.0 0.07257546563904946 
43043.85998592621 15.0 0.6287732819524727 
93951.66865836449 15.0 0.2627183923763607 
128943.74757594043 16.0 0.01348747591522158 
224515.25454979032 15.0 0.00449582530507386 
90862.04559271094 17.0 0.10404624277456648 
