38313.557238721674 15.0 0.6467565831727682 
70592.15589483788 15.0 0.24470134874759153 
95567.85440024995 16.0 0.05074511819119539 
96385.48629526465 15.0 0.1214023838120411 
214638.91330679425 16.0 0.0038535645472061657 
220450.15079471358 15.0 0.0 
61792.83414950734 16.0 0.3583815028901734 
71213.01219408904 16.0 0.13166345536287732 
132908.22595496886 16.0 0.028259473346178548 
121307.7857874146 16.0 0.03468208092485549 
53481.347083796245 16.0 0.40012845215157355 
169211.896595431 16.0 0.014129736673089274 
41960.59978097625 15.0 0.6178548490687219 
93252.21864236482 16.0 0.10149023638210761 
162453.29577083522 16.0 0.025693730729701953 
196986.5688796685 15.0 0.04945407835581246 
