[3, 5, 7][3, 11][1, 3][1, 2][5, 14][8, 14][6, 14][10, 11][10, 12][6, 9][3, 4][9, 13][0, 1][8, 14][8, 14] 
[1, 3, 5, 7, 9][4, 1, 2, 5, 14][6, 9][9, 13][0, 1][12, 13][9, 10][10, 11][8, 14][3, 11][5, 14][0, 1][6, 14][10, 12][5, 14] 
[1, 3, 5, 7, 9][1, 3, 5, 7, 9][3, 5, 7][12, 13][9, 13][6, 9][3, 11][6, 14][1, 2][9, 10][0, 1][1, 4][8, 14][6, 14][8, 14] 
[4, 3, 11, 10, 12, 13, 9][0, 1, 2, 5, 7, 9, 12][0, 1, 2, 5, 7, 9, 12][4, 1, 2, 5, 14, 8][2, 5, 14][8, 14][1, 3][6, 14][6, 9][3, 11][9, 10][1, 2][6, 14][1, 2][0, 1] 
[3, 5, 7][6, 14][8, 14][6, 9][9, 10][7, 9][3, 11][1, 3][1, 4][0, 1][9, 13][12, 13][1, 2][8, 14][1, 2] 
[1, 3, 5, 7, 9][9, 12, 13][1, 4][1, 2][0, 1][6, 9][9, 10][3, 11][6, 14][8, 14][8, 14][8, 14][6, 14][5, 7][8, 14] 
[1, 2, 5][9, 12, 13][3, 5][0, 1][5, 7][6, 9][6, 14][10, 11][8, 14][1, 4][9, 10][6, 14][8, 14][7, 9][0, 1] 
[8, 14, 6, 9, 13, 12, 10, 11][1, 3, 5, 7, 9][4, 3, 11, 10][1, 2, 5][9, 13][0, 1][6, 9][6, 14][8, 14][6, 14][6, 9][8, 14][10, 11][10, 12][8, 14] 
[1, 3, 5, 7, 9][1, 3, 5, 7, 9][3, 5, 7][12, 13][9, 13][6, 9][3, 11][6, 14][1, 2][9, 10][0, 1][1, 4][8, 14][6, 14][8, 14] 
[3, 5, 7][6, 14][8, 14][6, 9][9, 10][7, 9][3, 11][1, 3][1, 4][0, 1][9, 13][12, 13][1, 2][8, 14][1, 2] 
