15 11 9 17 50 2 14
15 49 9 17 50 2 14
15 11 59 17 50 2 14
15 11 9 59 17 50 2 14
15 11 9 17 50 0 2 14
15 42 49 9 17 50 2 14
15 49 1 9 17 50 2 14
15 49 9 59 17 50 2 14
15 49 9 17 50 0 2 14
15 11 1 9 17 50 2 14
15 11 59 9 17 50 2 14
15 11 59 17 50 0 2 14
15 11 9 17 43 50 2 14
15 11 9 17 50 23 2 14
15 62 49 9 17 50 2 14
15 49 11 9 17 50 2 14
15 49 1 59 17 50 2 14
15 49 9 17 43 50 2 14
15 49 9 17 50 23 2 14
15 11 31 9 17 50 2 14
15 11 1 59 17 50 2 14
15 11 59 10 17 50 2 14
15 11 59 17 43 50 2 14
15 11 59 17 50 23 2 14
15 49 11 59 17 50 2 14
15 11 49 9 17 50 2 14
15 11 68 9 17 50 2 14
15 11 9 17 61 14
15 49 9 17 61 14
15 11 59 17 61 14
15 11 9 59 17 61 14
15 11 9 17 43 61 14
15 42 49 9 17 61 14
15 49 1 9 17 61 14
15 49 9 59 17 61 14
15 49 9 17 43 61 14
15 11 1 9 17 61 14
15 11 59 9 17 61 14
15 11 59 17 43 61 14
15 11 9 17 44 61 14
15 62 49 9 17 61 14
15 49 11 9 17 61 14
15 49 1 59 17 61 14
15 49 9 17 44 61 14
15 11 31 9 17 61 14
15 11 1 59 17 61 14
15 11 59 10 17 61 14
15 11 59 17 44 61 14
15 11 9 17 60 61 14
15 49 11 59 17 61 14
15 49 9 17 60 61 14
15 11 49 9 17 61 14
15 11 59 17 60 61 14
15 11 68 9 17 61 14
15 11 68 59 17 61 14
15 11 9 16 10 17 61 14
15 11 9 59 10 17 61 14
15 30 21 6 47
15 62 21 6 47
15 30 63 6 47
15 30 21 63 6 47
15 42 24 21 6 47
15 62 24 21 6 47
15 62 21 63 6 47
15 30 24 21 6 47
15 30 63 21 6 47
15 49 62 21 6 47
15 42 30 21 6 47
15 42 24 63 6 47
15 62 30 21 6 47
15 62 24 63 6 47
15 30 62 21 6 47
15 30 24 63 6 47
15 42 62 21 6 47
15 42 30 63 6 47
15 62 30 63 6 47
15 30 21 24 63 6 47
15 42 24 21 63 6 47
15 62 24 21 63 6 47
15 62 21 24 63 6 47
15 30 24 21 63 6 47
15 30 63 24 21 6 47
15 11 49 62 21 6 47
15 49 42 24 21 6 47
15 49 62 24 21 6 47
15 49 62 21 63 6 47
15 42 30 21 63 6 47
59 17 50 2 14
59 9 17 50 2 14
59 17 50 0 2 14
59 10 17 50 2 14
59 17 43 50 2 14
59 17 50 23 2 14
59 9 17 50 0 2 14
59 17 50 0 23 2 14
59 1 9 17 50 2 14
59 10 20 13 50 2 14
59 10 17 50 0 2 14
59 17 20 13 50 2 14
59 17 43 13 50 2 14
59 17 43 50 0 2 14
59 17 50 23 0 2 14
59 9 17 43 50 2 14
59 9 17 50 23 2 14
59 11 9 17 50 2 14
59 10 55 17 50 2 14
59 10 20 17 50 2 14
59 10 17 43 50 2 14
59 10 17 50 23 2 14
59 17 20 33 50 2 14
59 17 43 33 50 2 14
59 17 43 50 23 2 14
59 17 61 14
59 9 17 61 14
59 17 43 61 14
59 10 17 61 14
59 17 44 61 14
59 17 60 61 14
59 9 17 43 61 14
59 1 9 17 61 14
59 10 20 17 61 14
59 10 17 43 61 14
59 17 44 60 61 14
59 17 20 43 61 14
59 17 60 44 61 14
59 9 17 44 61 14
59 11 9 17 61 14
59 10 55 17 61 14
59 10 20 43 61 14
59 10 17 44 61 14
59 17 50 43 61 14
59 9 17 60 61 14
59 68 9 17 61 14
59 10 17 60 61 14
59 9 16 10 17 61 14
59 1 11 9 17 61 14
59 1 9 17 43 61 14
59 10 20 17 43 61 14
59 17 20 13 43 61 14
59 9 17 44 60 61 14
59 11 1 9 17 61 14
59 11 9 17 43 61 14
59 10 8 56 6 47
59 10 28 56 6 47
59 1 26 8 56 6 47
59 10 8 28 56 6 47
59 10 52 64 35 6 47
59 10 28 8 56 6 47
59 9 49 62 21 6 47
59 1 49 62 21 6 47
59 1 26 30 21 6 47
59 10 8 51 35 6 47
59 10 55 8 56 6 47
59 10 52 8 56 6 47
59 11 15 30 21 6 47
59 1 26 62 21 6 47
59 1 26 30 63 6 47
59 10 8 51 56 6 47
59 17 10 8 56 6 47
59 11 49 62 21 6 47
59 11 15 62 21 6 47
59 11 15 30 63 6 47
59 17 55 8 56 6 47
59 17 10 28 56 6 47
59 10 8 56 51 35 6 47
59 10 28 56 51 35 6 47
59 1 26 8 28 56 6 47
59 10 52 64 51 35 6 47
59 10 28 8 51 35 6 47
59 9 1 26 8 56 6 47
59 9 49 42 24 21 6 47
59 9 49 62 24 21 6 47
59 10 8 51 41 12 40 47
59 1 26 8 51 41 12 40 47
59 10 8 51 34 25 4 40 47
59 10 8 51 41 25 4 40 47
59 10 8 51 41 12 4 40 47
59 10 52 64 35 41 12 40 47
59 10 28 8 51 41 12 40 47
59 10 28 56 51 41 12 40 47
59 10 8 56 51 41 12 40 47
59 10 8 51 57 25 4 40 47
59 10 8 51 34 41 12 40 47
59 10 8 51 34 25 12 40 47
59 10 8 51 41 27 12 40 47
59 10 8 51 41 25 12 40 47
59 10 55 8 51 41 12 40 47
59 10 52 8 51 41 12 40 47
59 10 52 64 51 41 12 40 47
64 58 33 50 2 14
64 52 20 13 50 2 14
64 58 33 13 50 2 14
64 58 33 50 0 2 14
64 35 58 33 50 2 14
64 52 10 17 50 2 14
64 52 20 17 50 2 14
64 58 33 43 50 2 14
64 58 33 50 23 2 14
64 51 58 33 50 2 14
64 52 55 17 50 2 14
64 52 20 33 50 2 14
64 52 20 43 50 2 14
64 58 45 22 13 50 2 14
64 52 20 13 33 50 2 14
64 52 20 13 50 0 2 14
64 58 33 13 43 50 2 14
64 58 33 13 50 0 2 14
64 58 33 50 0 23 2 14
64 35 34 58 33 50 2 14
64 35 58 33 13 50 2 14
64 35 58 33 50 0 2 14
64 52 10 20 13 50 2 14
64 52 10 17 50 0 2 14
64 52 20 17 50 0 2 14
64 58 33 20 13 50 2 14
64 58 33 43 13 50 2 14
64 58 33 43 50 0 2 14
64 52 10 17 61 14
64 58 33 43 61 14
64 52 20 17 61 14
64 52 55 17 61 14
64 52 20 43 61 14
64 52 10 20 17 61 14
64 52 10 17 43 61 14
64 35 58 33 43 61 14
64 58 33 13 43 61 14
64 58 33 43 17 61 14
64 52 20 17 43 61 14
64 52 8 10 17 61 14
64 52 55 10 17 61 14
64 52 55 17 43 61 14
64 52 20 10 17 61 14
64 52 20 43 17 61 14
64 52 10 55 17 61 14
64 52 10 20 43 61 14
64 52 10 17 44 61 14
64 51 8 10 17 61 14
64 58 33 20 17 61 14
64 52 20 17 44 61 14
64 52 8 55 17 61 14
64 52 55 20 17 61 14
64 52 55 17 44 61 14
64 52 20 13 43 61 14
64 52 10 59 17 61 14
64 52 10 17 60 61 14
64 51 58 33 43 61 14
64 51 8 55 17 61 14
64 35 6 47
64 51 35 6 47
64 58 35 6 47
64 51 56 6 47
64 35 51 56 6 47
64 52 8 56 6 47
64 58 34 35 6 47
64 51 8 56 6 47
64 58 41 35 6 47
64 51 34 35 6 47
64 58 51 35 6 47
64 51 41 35 6 47
64 58 57 35 6 47
64 58 51 56 6 47
64 51 57 35 6 47
64 51 58 35 6 47
64 58 35 51 56 6 47
64 35 34 51 56 6 47
64 35 51 8 56 6 47
64 52 10 8 56 6 47
64 52 8 28 56 6 47
64 58 34 41 35 6 47
64 51 8 28 56 6 47
64 58 41 34 35 6 47
64 51 34 41 35 6 47
64 51 41 34 35 6 47
64 58 45 34 35 6 47
64 58 57 34 35 6 47
64 58 51 8 56 6 47
64 51 57 34 35 6 47
64 35 41 12 40 47
64 51 41 12 40 47
64 58 41 12 40 47
64 35 41 25 4 40 47
64 35 41 12 4 40 47
64 51 34 25 4 40 47
64 51 41 25 4 40 47
64 51 41 12 4 40 47
64 35 34 25 4 40 47
64 58 34 25 4 40 47
64 58 41 25 4 40 47
64 58 41 12 4 40 47
64 35 41 27 12 40 47
64 35 41 25 12 40 47
64 51 57 25 4 40 47
64 51 34 41 12 40 47
64 51 34 25 12 40 47
64 51 41 27 12 40 47
64 51 41 25 12 40 47
64 35 57 25 4 40 47
64 35 34 41 12 40 47
64 35 34 25 12 40 47
64 58 57 25 4 40 47
64 58 34 41 12 40 47
64 58 34 25 12 40 47
64 58 41 27 12 40 47
64 58 41 25 12 40 47
36 19 3 0 2 14
36 22 13 50 2 14
36 19 69 0 2 14
36 19 3 23 2 14
36 38 3 0 2 14
36 22 33 50 2 14
36 19 29 23 2 14
36 19 69 23 2 14
36 38 69 0 2 14
36 38 3 23 2 14
36 38 69 23 2 14
36 19 3 0 23 2 14
36 22 13 33 50 2 14
36 22 13 50 0 2 14
36 19 69 0 23 2 14
36 19 3 69 0 2 14
36 19 3 23 0 2 14
36 54 19 3 0 2 14
36 38 3 0 23 2 14
36 22 19 3 0 2 14
36 22 33 13 50 2 14
36 22 33 50 0 2 14
36 19 18 69 0 2 14
36 19 29 3 0 2 14
36 19 29 23 0 2 14
36 19 69 3 0 2 14
36 19 69 23 0 2 14
36 38 18 69 0 2 14
36 38 69 0 23 2 14
36 38 3 69 0 2 14
36 22 13 43 61 14
36 22 33 43 61 14
36 19 22 13 43 61 14
36 22 13 20 17 61 14
36 22 13 43 17 61 14
36 22 33 13 43 61 14
36 22 33 43 17 61 14
36 38 22 13 43 61 14
36 19 22 33 43 61 14
36 22 13 33 43 61 14
36 22 13 20 43 61 14
36 22 33 20 17 61 14
36 45 22 13 43 61 14
36 38 22 33 43 61 14
36 22 13 50 17 61 14
36 22 33 50 17 61 14
36 22 33 20 43 61 14
36 41 58 33 43 61 14
36 45 58 33 43 61 14
36 45 22 33 43 61 14
36 22 13 50 43 61 14
36 22 33 50 43 61 14
36 22 45 58 33 43 61 14
36 19 22 13 20 17 61 14
36 19 22 13 43 17 61 14
36 22 13 20 17 43 61 14
36 22 13 43 20 17 61 14
36 22 13 43 17 44 61 14
36 22 33 13 20 17 61 14
36 41 35 6 47
36 45 34 35 6 47
36 41 34 35 6 47
36 45 41 35 6 47
36 41 51 35 6 47
36 45 58 35 6 47
36 41 57 35 6 47
36 41 51 56 6 47
36 41 58 35 6 47
36 41 35 51 56 6 47
36 22 33 58 35 6 47
36 45 34 41 35 6 47
36 41 34 51 35 6 47
36 45 41 34 35 6 47
36 45 58 34 35 6 47
36 41 57 34 35 6 47
36 41 51 8 56 6 47
36 41 25 34 35 6 47
36 41 58 34 35 6 47
36 22 45 34 35 6 47
36 45 34 51 35 6 47
36 41 34 57 35 6 47
36 41 34 51 56 6 47
36 45 41 51 35 6 47
36 45 58 41 35 6 47
36 41 57 51 35 6 47
36 41 51 34 35 6 47
36 41 45 34 35 6 47
36 41 25 57 35 6 47
36 41 58 51 35 6 47
36 41 12 40 47
36 45 41 12 40 47
36 41 25 4 40 47
36 41 12 4 40 47
36 41 27 12 40 47
36 41 25 12 40 47
36 22 45 41 12 40 47
36 45 34 25 4 40 47
36 45 41 25 4 40 47
36 45 41 12 4 40 47
36 41 25 4 7 40 47
36 41 12 25 4 40 47
36 41 12 4 7 40 47
36 41 34 25 4 40 47
36 41 27 25 4 40 47
36 41 27 12 4 40 47
36 41 25 27 12 40 47
36 41 25 12 4 40 47
36 45 58 41 12 40 47
36 45 34 41 12 40 47
36 45 34 25 12 40 47
36 45 41 27 12 40 47
36 45 41 25 12 40 47
36 41 25 4 12 40 47
36 41 12 4 53 40 47
36 41 57 25 4 40 47
36 41 34 25 12 40 47
36 41 27 25 12 40 47
36 41 25 4 53 40 47
18 69 0 2 14
18 69 23 2 14
18 19 3 0 2 14
18 69 0 23 2 14
18 69 3 0 2 14
18 69 23 0 2 14
18 38 3 0 2 14
18 19 69 0 2 14
18 19 3 23 2 14
18 69 0 50 2 14
18 69 29 23 2 14
18 69 3 23 2 14
18 69 23 50 2 14
18 66 3 0 2 14
18 38 69 0 2 14
18 38 3 23 2 14
18 19 29 23 2 14
18 19 69 23 2 14
18 66 69 0 2 14
18 66 3 23 2 14
18 38 69 23 2 14
18 66 29 23 2 14
18 66 69 23 2 14
18 19 3 0 23 2 14
18 69 0 23 50 2 14
18 69 3 0 23 2 14
18 69 23 0 50 2 14
18 38 3 0 23 2 14
18 19 69 0 23 2 14
18 19 3 69 0 2 14
18 19 22 13 43 61 14
18 38 22 13 43 61 14
18 19 22 33 43 61 14
18 38 22 33 43 61 14
18 69 0 50 17 61 14
18 69 23 50 17 61 14
18 69 0 50 43 61 14
18 69 23 50 43 61 14
18 19 22 13 20 17 61 14
18 19 22 13 43 17 61 14
18 38 22 13 20 17 61 14
18 38 22 13 43 17 61 14
18 19 22 33 13 43 61 14
18 19 22 33 43 17 61 14
18 54 19 22 13 43 61 14
18 38 22 33 13 43 61 14
18 38 22 33 43 17 61 14
18 69 0 50 17 43 61 14
18 69 23 50 17 43 61 14
18 69 0 50 43 17 61 14
18 19 36 41 35 6 47
18 38 36 41 35 6 47
18 54 36 41 35 6 47
18 67 27 41 35 6 47
18 19 22 33 58 35 6 47
18 19 36 45 34 35 6 47
18 19 36 41 34 35 6 47
18 38 19 36 41 35 6 47
18 38 36 45 34 35 6 47
18 38 36 41 34 35 6 47
18 54 19 36 41 35 6 47
18 54 36 45 34 35 6 47
18 54 36 41 34 35 6 47
18 5 54 36 41 35 6 47
18 67 27 41 34 35 6 47
18 19 38 36 41 35 6 47
18 19 22 45 34 35 6 47
18 19 36 45 41 35 6 47
18 19 36 41 51 35 6 47
18 38 22 33 58 35 6 47
18 38 36 45 41 35 6 47
18 38 36 41 51 35 6 47
18 54 38 36 41 35 6 47
18 54 36 45 41 35 6 47
18 54 36 41 51 35 6 47
18 32 54 36 41 35 6 47
18 5 67 27 41 35 6 47
18 67 27 25 34 35 6 47
18 67 27 12 41 35 6 47
18 67 27 12 40 47
18 5 67 27 12 40 47
18 67 27 25 4 40 47
18 67 27 12 4 40 47
18 19 36 41 12 40 47
18 67 27 41 12 40 47
18 67 27 25 12 40 47
18 37 67 27 12 40 47
18 38 36 41 12 40 47
18 65 67 27 12 40 47
18 54 36 41 12 40 47
18 5 37 67 27 12 40 47
18 5 67 27 25 4 40 47
18 5 67 27 12 4 40 47
18 67 27 25 4 7 40 47
18 67 27 12 25 4 40 47
18 67 27 12 4 7 40 47
18 19 22 36 41 12 40 47
18 19 36 45 41 12 40 47
18 19 36 41 25 4 40 47
18 19 36 41 12 4 40 47
18 67 27 41 25 4 40 47
18 67 27 41 12 4 40 47
18 67 27 25 41 12 40 47
18 67 27 25 12 4 40 47
18 37 5 67 27 12 40 47
18 37 67 27 25 4 40 47
18 37 67 27 12 4 40 47
18 38 19 36 41 12 40 47
18 38 36 45 41 12 40 47
5 18 69 0 2 14
5 18 69 23 2 14
5 32 18 69 0 2 14
5 18 19 3 0 2 14
5 18 69 0 23 2 14
5 18 69 3 0 2 14
5 18 69 23 0 2 14
5 37 18 69 0 2 14
5 32 18 69 23 2 14
5 18 38 3 0 2 14
5 18 19 69 0 2 14
5 18 19 3 23 2 14
5 18 69 0 50 2 14
5 18 69 29 23 2 14
5 18 69 3 23 2 14
5 18 69 23 50 2 14
5 54 19 3 0 2 14
5 37 18 69 23 2 14
5 18 66 3 0 2 14
5 18 38 69 0 2 14
5 18 38 3 23 2 14
5 18 19 29 23 2 14
5 18 19 69 23 2 14
5 65 18 69 0 2 14
5 54 18 69 0 2 14
5 54 19 69 0 2 14
5 54 19 3 23 2 14
5 18 66 69 0 2 14
5 18 66 3 23 2 14
5 18 38 69 23 2 14
5 54 19 22 13 43 61 14
5 18 19 22 13 43 61 14
5 18 69 0 50 17 61 14
5 65 19 22 13 43 61 14
5 54 36 22 13 43 61 14
5 54 19 22 33 43 61 14
5 18 38 22 13 43 61 14
5 18 19 22 33 43 61 14
5 18 69 23 50 17 61 14
5 18 69 0 50 43 61 14
5 65 19 22 33 43 61 14
5 54 38 22 13 43 61 14
5 54 36 22 33 43 61 14
5 18 38 22 33 43 61 14
5 18 69 23 50 43 61 14
5 54 38 22 33 43 61 14
5 54 19 22 13 20 17 61 14
5 54 19 22 13 43 17 61 14
5 18 19 22 13 20 17 61 14
5 18 19 22 13 43 17 61 14
5 18 69 0 50 17 43 61 14
5 54 36 41 35 6 47
5 67 27 41 35 6 47
5 54 19 36 41 35 6 47
5 54 36 45 34 35 6 47
5 54 36 41 34 35 6 47
5 18 19 36 41 35 6 47
5 67 27 41 34 35 6 47
5 54 38 36 41 35 6 47
5 54 36 45 41 35 6 47
5 54 36 41 51 35 6 47
5 32 54 36 41 35 6 47
5 18 38 36 41 35 6 47
5 67 27 25 34 35 6 47
5 67 27 12 41 35 6 47
5 67 27 41 51 35 6 47
5 54 36 45 58 35 6 47
5 54 36 41 57 35 6 47
5 54 36 41 51 56 6 47
5 37 67 27 41 35 6 47
5 18 54 36 41 35 6 47
5 67 27 25 41 35 6 47
5 67 27 41 57 35 6 47
5 67 27 41 51 56 6 47
5 54 36 41 58 35 6 47
5 65 19 36 41 35 6 47
5 18 67 27 41 35 6 47
5 67 27 25 57 35 6 47
5 67 27 41 58 35 6 47
5 65 54 36 41 35 6 47
5 67 27 12 40 47
5 18 67 27 12 40 47
5 67 27 25 4 40 47
5 67 27 12 4 40 47
5 37 67 27 12 40 47
5 67 27 41 12 40 47
5 67 27 25 12 40 47
5 65 67 27 12 40 47
5 54 36 41 12 40 47
5 18 19 36 41 12 40 47
5 18 67 27 25 4 40 47
5 18 67 27 12 4 40 47
5 67 27 25 4 7 40 47
5 67 27 12 25 4 40 47
5 67 27 12 4 7 40 47
5 37 18 67 27 12 40 47
5 37 67 27 25 4 40 47
5 37 67 27 12 4 40 47
5 67 27 41 25 4 40 47
5 67 27 41 12 4 40 47
5 67 27 25 41 12 40 47
5 67 27 25 12 4 40 47
5 65 18 67 27 12 40 47
5 65 67 27 25 4 40 47
5 65 67 27 12 4 40 47
5 32 18 67 27 12 40 47
5 54 18 67 27 12 40 47
5 54 36 45 41 12 40 47
5 54 36 41 25 4 40 47
5 54 36 41 12 4 40 47
39 48 3 0 2 14
39 18 69 0 2 14
39 48 29 23 2 14
39 48 3 23 2 14
39 18 69 23 2 14
39 48 69 0 2 14
39 48 69 23 2 14
39 48 3 0 23 2 14
39 32 18 69 0 2 14
39 18 19 3 0 2 14
39 18 69 0 23 2 14
39 48 29 3 0 2 14
39 48 29 23 0 2 14
39 48 3 69 0 2 14
39 48 3 23 0 2 14
39 18 69 3 0 2 14
39 18 69 23 0 2 14
39 48 66 3 0 2 14
39 48 69 0 23 2 14
39 48 69 3 0 2 14
39 48 69 23 0 2 14
39 48 3 0 50 2 14
39 65 18 69 0 2 14
39 32 18 69 23 2 14
39 18 38 3 0 2 14
39 18 19 69 0 2 14
39 18 19 3 23 2 14
39 18 69 0 50 2 14
39 48 29 69 0 2 14
39 48 29 3 23 2 14
39 18 19 22 13 43 61 14
39 18 38 22 13 43 61 14
39 18 19 22 33 43 61 14
39 65 19 22 13 43 61 14
39 48 3 0 50 17 61 14
39 18 38 22 33 43 61 14
39 65 19 22 33 43 61 14
39 48 29 23 50 17 61 14
39 48 3 23 50 17 61 14
39 48 3 0 50 43 61 14
39 18 69 0 50 17 61 14
39 48 69 0 50 17 61 14
39 48 29 23 50 43 61 14
39 48 3 23 50 43 61 14
39 18 69 23 50 17 61 14
39 18 69 0 50 43 61 14
39 48 69 23 50 17 61 14
39 48 69 0 50 43 61 14
39 18 69 23 50 43 61 14
39 48 69 23 50 43 61 14
39 18 19 22 13 20 17 61 14
39 18 19 22 13 43 17 61 14
39 18 19 36 41 35 6 47
39 32 54 36 41 35 6 47
39 18 38 36 41 35 6 47
39 65 19 36 41 35 6 47
39 18 54 36 41 35 6 47
39 65 54 36 41 35 6 47
39 18 67 27 41 35 6 47
39 65 67 27 41 35 6 47
39 18 19 22 33 58 35 6 47
39 18 19 36 45 34 35 6 47
39 18 19 36 41 34 35 6 47
39 32 5 54 36 41 35 6 47
39 32 54 19 36 41 35 6 47
39 32 54 36 45 34 35 6 47
39 32 54 36 41 34 35 6 47
39 18 38 19 36 41 35 6 47
39 18 38 36 45 34 35 6 47
39 18 38 36 41 34 35 6 47
39 48 3 19 36 41 35 6 47
39 65 19 22 33 58 35 6 47
39 65 19 36 45 34 35 6 47
39 65 19 36 41 34 35 6 47
39 18 54 19 36 41 35 6 47
39 18 54 36 45 34 35 6 47
39 18 54 36 41 34 35 6 47
39 65 54 19 36 41 35 6 47
39 65 54 36 45 34 35 6 47
39 65 54 36 41 34 35 6 47
39 18 5 54 36 41 35 6 47
39 18 67 27 12 40 47
39 65 67 27 12 40 47
39 18 5 67 27 12 40 47
39 18 67 27 25 4 40 47
39 18 67 27 12 4 40 47
39 32 5 67 27 12 40 47
39 65 5 67 27 12 40 47
39 65 67 27 25 4 40 47
39 65 67 27 12 4 40 47
39 18 19 36 41 12 40 47
39 18 67 27 41 12 40 47
39 18 67 27 25 12 40 47
39 32 18 67 27 12 40 47
39 65 18 67 27 12 40 47
39 65 67 27 41 12 40 47
39 65 67 27 25 12 40 47
39 18 37 67 27 12 40 47
39 32 37 67 27 12 40 47
39 65 37 67 27 12 40 47
39 18 65 67 27 12 40 47
39 32 65 67 27 12 40 47
39 65 19 36 41 12 40 47
39 18 38 36 41 12 40 47
39 32 54 36 41 12 40 47
39 65 54 36 41 12 40 47
39 18 54 36 41 12 40 47
39 18 5 37 67 27 12 40 47
39 18 5 67 27 25 4 40 47
39 18 5 67 27 12 4 40 47
39 18 67 27 25 4 7 40 47
59 10 28 56 8 55 17 50 2 14
59 10 17 60 17 55 8 56 6 47
59 10 17 44 17 55 8 51 41 12 40 47
64 58 41 27 41 45 22 13 50 2 14
36 45 41 12 41 58 33 43 61 14
36 22 45 34 25 34 58 33 43 61 14
18 69 0 3 19 36 41 35 6 47
18 69 23 69 19 36 41 35 6 47
15 49 26 30 63 30 26 1 9 17 50 2 14
15 11 49 62 21 62 49 1 9 17 50 2 14
15 11 59 17 61 17 9 49 62 21 6 47
59 10 28 56 6 56 8 55 17 50 2 14
59 10 17 50 2 50 17 55 8 56 6 47
64 58 41 12 4 25 34 45 22 13 50 2 14
36 45 41 12 40 12 41 58 33 43 61 14
64 58 41 12 4 53 4 12 41 45 22 13 50 2 14
36 45 41 12 40 46 40 12 41 58 33 43 61 14
36 22 45 41 12 4 7 4 25 57 58 33 43 61 14
15 11 1 26 30 21 6 47
15 30 62 26 62 21 6 47
15 49 11 49 62 21 6 47
15 62 30 26 30 21 6 47
15 11 1 26 30 63 6 47
15 42 49 26 30 21 63 6 47
15 30 62 26 62 21 63 6 47
15 30 21 6 35 6 63 6 47
15 62 26 49 42 24 21 6 47
15 42 30 26 62 24 21 6 47
15 42 24 30 26 62 21 6 47
15 11 9 49 62 24 21 6 47
15 62 24 62 26 62 21 6 47
15 49 1 49 62 21 63 6 47
15 62 49 26 30 21 63 6 47
15 62 21 62 26 30 63 6 47
15 62 26 62 30 24 21 6 47
15 30 26 49 42 24 21 6 47
15 30 24 62 49 62 21 6 47
15 62 26 62 30 63 21 6 47
15 30 63 30 26 30 21 6 47
15 11 59 11 49 62 21 6 47
15 49 26 8 26 62 21 6 47
15 49 42 30 21 6 47
15 49 1 49 42 30 21 6 47
15 42 49 1 26 30 21 6 47
15 42 30 26 49 62 21 6 47
15 49 42 24 63 6 47
15 49 9 49 42 24 63 6 47
15 42 62 49 62 24 63 6 47
15 42 24 30 26 30 63 6 47
15 49 62 30 21 6 47
15 62 26 30 21 6 47
15 11 49 62 30 21 6 47
15 62 49 11 15 30 21 6 47
15 62 30 62 49 62 21 6 47
15 49 62 24 63 6 47
15 11 1 49 62 24 63 6 47
15 62 49 26 30 24 63 6 47
15 62 24 62 26 30 63 6 47
15 30 26 62 21 6 47
15 62 26 30 62 21 6 47
15 30 15 11 15 62 21 6 47
15 30 62 30 26 30 21 6 47
15 49 26 30 24 63 6 47
15 30 26 62 24 63 6 47
15 30 24 30 26 30 63 6 47
15 49 42 62 21 6 47
15 42 49 62 21 6 47
15 11 9 49 42 62 21 6 47
15 42 49 11 49 62 21 6 47
15 42 62 49 26 30 21 6 47
15 49 42 30 63 6 47
15 11 49 42 30 63 6 47
15 42 15 11 15 30 63 6 47
15 49 62 30 63 6 47
15 62 26 30 63 6 47
15 11 9 49 62 30 63 6 47
15 62 26 16 26 30 63 6 47
15 42 49 62 30 21 24 63 6 47
15 30 62 49 62 21 24 63 6 47
15 30 21 62 26 30 24 63 6 47
15 30 21 24 62 26 30 63 6 47
15 49 42 24 21 63 6 47
15 62 49 42 24 21 63 6 47
15 42 62 26 30 24 21 63 6 47
15 42 24 62 49 62 21 63 6 47
15 42 24 21 6 35 6 63 6 47
15 49 62 24 21 63 6 47
15 30 26 62 24 21 63 6 47
15 62 24 30 26 62 21 63 6 47
15 62 24 21 30 26 30 63 6 47
15 49 62 21 24 63 6 47
15 11 1 26 62 21 24 63 6 47
15 62 30 26 30 21 24 63 6 47
15 62 21 30 26 30 24 63 6 47
15 62 21 24 30 26 30 63 6 47
15 49 1 26 30 24 21 63 6 47
15 30 26 49 62 24 21 63 6 47
15 30 24 42 49 62 21 63 6 47
15 30 24 21 30 26 30 63 6 47
15 62 26 30 63 24 21 6 47
15 30 63 30 26 62 24 21 6 47
15 30 63 24 30 26 62 21 6 47
15 11 9 49 62 21 6 47
15 49 9 59 11 49 62 21 6 47
15 11 9 17 9 49 62 21 6 47
15 11 49 26 8 26 62 21 6 47
15 11 59 11 49 42 24 21 6 47
15 11 68 11 49 62 24 21 6 47
15 49 26 8 26 62 24 21 6 47
15 11 9 1 49 62 21 63 6 47
15 49 26 8 26 62 21 63 6 47
15 49 62 21 6 35 6 63 6 47
15 49 42 30 21 63 6 47
15 11 49 42 30 21 63 6 47
15 42 49 11 15 30 21 63 6 47
15 42 30 26 62 21 63 6 47
15 42 30 21 30 26 30 63 6 47
59 10 52 55 17 50 2 14
59 17 61 43 50 2 14
59 17 50 0 69 23 2 14
59 68 11 9 17 50 2 14
59 9 16 10 17 50 2 14
59 9 17 43 33 13 50 2 14
59 9 17 50 0 69 0 2 14
59 11 9 17 50 0 2 14
59 17 44 61 43 50 0 2 14
59 17 50 23 69 23 0 2 14
59 17 50 0 23 29 23 2 14
59 9 11 9 17 43 50 2 14
59 17 20 10 20 43 50 2 14
59 17 43 33 58 33 50 2 14
59 17 43 50 23 69 23 2 14
59 9 16 9 17 50 23 2 14
59 17 43 33 13 50 23 2 14
59 17 50 0 3 29 23 2 14
59 17 50 23 50 33 50 2 14
59 1 9 17 50 0 2 14
59 11 49 9 17 50 0 2 14
59 9 16 10 17 50 0 2 14
59 9 17 60 61 43 50 0 2 14
59 9 17 50 23 29 69 0 2 14
59 9 17 50 0 3 29 23 2 14
59 10 17 50 0 23 2 14
59 17 50 0 3 23 2 14
59 1 11 9 17 50 0 23 2 14
59 17 44 61 43 50 0 23 2 14
59 17 50 23 69 0 23 2 14
59 17 50 0 69 3 23 2 14
59 17 50 0 23 0 3 0 2 14
59 10 17 20 13 50 2 14
59 17 55 20 13 50 2 14
59 17 20 33 13 50 2 14
59 17 20 13 33 50 2 14
59 9 16 55 17 20 13 50 2 14
59 17 20 13 20 10 17 50 2 14
59 17 20 13 50 0 69 0 2 14
59 10 17 43 13 50 2 14
59 17 61 43 13 50 2 14
59 17 43 33 13 50 2 14
59 17 43 13 33 50 2 14
59 10 16 55 17 43 13 50 2 14
59 17 55 20 43 13 50 2 14
59 17 43 20 33 20 13 50 2 14
59 17 43 13 43 33 43 50 2 14
59 17 43 13 50 23 69 23 2 14
59 10 17 43 50 0 2 14
59 17 61 43 50 0 2 14
59 17 43 33 50 0 2 14
59 11 49 9 17 43 50 0 2 14
59 17 60 44 61 43 50 0 2 14
59 17 43 20 55 17 50 0 2 14
59 17 43 50 23 29 3 0 2 14
59 17 43 50 0 50 33 50 2 14
59 10 17 50 23 0 2 14
59 17 50 23 3 0 2 14
59 9 49 9 17 50 23 0 2 14
59 17 44 61 43 50 23 0 2 14
59 17 50 0 3 29 23 0 2 14
59 17 50 23 29 66 69 0 2 14
59 17 50 23 0 23 69 23 2 14
59 1 9 17 43 50 2 14
59 9 17 61 43 50 2 14
59 9 17 43 33 50 2 14
59 1 49 11 9 17 43 50 2 14
59 9 16 55 17 43 50 2 14
59 9 17 20 52 20 43 50 2 14
59 9 17 43 61 60 17 50 2 14
59 9 17 43 50 0 69 0 2 14
59 1 9 17 50 23 2 14
59 10 16 9 17 50 23 2 14
59 9 11 1 59 17 50 23 2 14
59 9 17 44 61 43 50 23 2 14
59 9 17 50 0 3 0 23 2 14
59 9 17 50 23 50 33 50 2 14
59 10 17 43 50 23 2 14
59 17 61 43 50 23 2 14
59 17 43 33 50 23 2 14
59 10 20 17 43 50 23 2 14
59 17 61 60 61 43 50 23 2 14
59 17 43 33 58 33 50 23 2 14
59 17 43 50 0 69 23 2 14
59 17 43 50 23 0 3 0 2 14
59 10 28 10 17 61 14
59 17 50 33 43 61 14
59 68 11 49 9 17 61 14
59 9 16 1 59 17 61 14
59 9 17 50 2 14 61 14
59 10 52 10 17 43 61 14
59 17 20 55 20 43 61 14
59 17 43 50 2 14 61 14
59 10 52 55 17 44 61 14
59 17 44 17 55 17 61 14
59 10 55 17 60 61 14
59 17 60 17 55 17 61 14
59 11 15 49 9 17 43 61 14
59 9 16 55 10 17 43 61 14
59 9 17 50 2 50 43 61 14
59 9 17 43 50 2 14 61 14
59 10 17 44 60 61 14
59 10 55 17 44 60 61 14
59 17 44 17 55 17 60 61 14
59 17 44 60 17 55 17 61 14
59 10 17 20 43 61 14
59 17 55 20 43 61 14
59 17 20 33 43 61 14
59 10 16 9 17 20 43 61 14
59 17 50 33 43 20 43 61 14
59 17 20 10 55 17 43 61 14
59 17 20 43 17 55 17 61 14
59 10 17 60 44 61 14
59 10 16 9 17 60 44 61 14
59 17 60 17 10 17 44 61 14
59 17 60 44 17 55 17 61 14
59 11 9 17 44 61 14
59 11 15 49 9 17 44 61 14
59 9 59 10 20 17 44 61 14
59 9 17 44 17 10 17 61 14
59 10 17 50 43 61 14
59 10 55 17 50 43 61 14
59 17 43 33 43 50 43 61 14
59 17 50 33 58 33 43 61 14
59 17 50 43 20 55 17 61 14
59 1 9 17 60 61 14
59 1 49 1 9 17 60 61 14
59 9 16 55 17 60 61 14
59 9 17 60 17 10 17 61 14
59 11 68 9 17 61 14
59 68 11 9 17 61 14
59 1 26 1 68 9 17 61 14
59 68 11 1 9 17 61 14
59 68 9 16 55 10 17 61 14
59 68 9 17 50 2 14 61 14
59 10 17 20 13 43 61 14
59 17 10 20 13 43 61 14
59 17 20 33 13 43 61 14
59 17 20 13 33 43 61 14
59 10 20 17 20 13 43 61 14
59 17 43 33 13 20 13 43 61 14
59 17 20 43 33 50 13 43 61 14
59 17 20 13 20 10 17 43 61 14
59 17 20 13 43 50 2 14 61 14
59 1 9 17 44 60 61 14
59 17 10 17 9 17 44 60 61 14
59 9 1 16 10 17 44 60 61 14
59 9 17 44 17 55 17 60 61 14
59 9 17 44 60 17 55 17 61 14
59 17 43 17 10 8 56 6 47
59 10 16 55 8 56 6 47
59 10 8 51 41 51 56 6 47
59 10 8 56 51 34 35 6 47
59 17 20 10 28 56 6 47
59 10 8 26 8 28 56 6 47
59 10 28 8 51 56 6 47
59 10 28 56 51 58 35 6 47
59 17 10 8 28 56 6 47
59 17 43 20 10 8 28 56 6 47
59 10 55 16 55 8 28 56 6 47
59 10 8 51 56 28 56 6 47
59 10 8 28 8 26 8 56 6 47
59 10 8 28 56 51 35 6 47
59 17 10 28 8 56 6 47
59 17 44 17 10 28 8 56 6 47
59 10 8 51 56 28 8 56 6 47
59 10 28 10 17 10 8 56 6 47
59 10 28 8 56 51 57 35 6 47
59 17 10 55 8 56 6 47
59 10 17 55 8 56 6 47
59 10 55 8 51 56 6 47
59 17 61 17 10 55 8 56 6 47
59 10 52 64 52 55 8 56 6 47
59 10 55 16 1 26 8 56 6 47
59 10 55 8 56 51 35 6 47
59 17 10 52 8 56 6 47
59 10 20 52 8 56 6 47
59 10 52 8 51 56 6 47
59 17 50 17 10 52 8 56 6 47
59 10 17 55 52 8 56 6 47
59 10 52 55 17 10 8 56 6 47
59 10 52 8 51 58 51 56 6 47
59 10 52 8 56 51 41 35 6 47
64 58 45 58 35 6 47
64 58 33 58 51 35 6 47
64 51 41 27 41 35 6 47
64 51 35 51 8 56 6 47
64 52 20 33 58 35 6 47
64 58 41 57 35 6 47
64 58 35 51 8 56 6 47
64 35 41 58 51 56 6 47
64 51 8 10 28 56 6 47
64 51 56 51 34 35 6 47
64 58 45 41 35 51 56 6 47
64 35 41 27 41 51 56 6 47
64 35 51 8 28 56 6 47
64 35 51 56 51 57 35 6 47
64 58 33 20 52 8 56 6 47
64 52 64 58 51 8 56 6 47
64 52 8 51 58 51 56 6 47
64 52 8 56 51 57 35 6 47
64 58 45 34 51 8 56 6 47
64 51 8 51 57 51 56 6 47
64 51 8 56 51 58 35 6 47
64 58 51 34 35 6 47
64 51 58 34 35 6 47
64 51 34 58 35 6 47
64 52 8 51 34 35 6 47
64 51 41 12 25 34 35 6 47
64 51 34 41 36 41 35 6 47
64 51 34 35 51 8 56 6 47
64 58 34 51 35 6 47
64 51 57 34 58 51 35 6 47
64 58 41 12 41 51 35 6 47
64 58 51 41 12 41 35 6 47
64 58 51 35 51 8 56 6 47
64 58 51 41 35 6 47
64 51 58 41 35 6 47
64 51 41 58 35 6 47
64 58 33 58 51 41 35 6 47
64 51 57 25 41 35 6 47
64 51 41 58 33 58 35 6 47
64 51 41 35 51 8 56 6 47
64 58 34 51 56 6 47
64 51 57 51 58 51 56 6 47
64 58 41 12 41 51 56 6 47
64 58 51 8 55 8 56 6 47
64 58 51 56 51 34 35 6 47
64 58 51 57 35 6 47
64 51 58 57 35 6 47
64 51 57 58 35 6 47
64 52 10 8 51 57 35 6 47
64 51 58 33 58 57 35 6 47
64 51 57 41 25 34 35 6 47
64 51 57 35 51 8 56 6 47
64 58 41 57 51 58 35 6 47
64 51 35 41 34 58 35 6 47
64 51 58 57 25 41 35 6 47
64 51 58 35 51 8 56 6 47
64 58 41 35 51 56 6 47
64 58 35 57 51 56 6 47
64 51 41 34 58 35 51 56 6 47
64 58 51 34 51 35 51 56 6 47
64 58 35 34 25 34 51 56 6 47
64 58 35 51 8 26 8 56 6 47
64 58 35 51 56 51 57 35 6 47
64 58 35 34 51 56 6 47
64 35 58 34 51 56 6 47
64 35 34 58 51 56 6 47
64 35 34 51 8 56 6 47
64 58 41 35 34 51 56 6 47
64 35 58 45 34 51 56 6 47
64 35 34 58 45 41 51 56 6 47
64 35 34 51 8 55 8 56 6 47
64 35 34 51 56 51 58 35 6 47
64 58 41 35 51 8 56 6 47
64 35 41 12 41 51 8 56 6 47
64 35 51 8 51 34 51 56 6 47
64 35 51 8 56 51 57 35 6 47
64 52 20 10 8 56 6 47
64 58 33 20 52 10 8 56 6 47
64 52 8 26 16 10 8 56 6 47
64 52 10 20 17 55 8 56 6 47
64 52 10 8 51 34 51 56 6 47
64 52 10 8 56 51 34 35 6 47
64 58 33 20 52 8 28 56 6 47
64 52 10 59 10 8 28 56 6 47
64 52 8 10 59 10 28 56 6 47
64 52 8 28 8 26 8 56 6 47
64 52 8 28 56 51 58 35 6 47
64 58 51 8 28 56 6 47
64 35 41 34 51 8 28 56 6 47
64 51 8 55 17 10 28 56 6 47
64 51 8 28 8 26 8 56 6 47
64 51 8 28 56 51 57 35 6 47
64 58 51 34 41 35 6 47
64 51 58 34 41 35 6 47
64 51 34 25 41 35 6 47
64 51 34 41 58 35 6 47
64 35 58 34 51 34 41 35 6 47
64 51 58 33 58 34 41 35 6 47
64 51 34 41 25 34 35 6 47
64 51 34 41 35 51 8 56 6 47
64 58 51 41 34 35 6 47
64 51 58 41 34 35 6 47
64 51 41 25 34 35 6 47
64 51 41 34 58 35 6 47
64 52 10 8 51 41 34 35 6 47
64 51 64 58 45 41 34 35 6 47
64 51 41 58 33 58 34 35 6 47
64 51 41 34 41 25 57 35 6 47
64 51 41 34 35 51 8 56 6 47
64 58 51 57 34 35 6 47
64 51 58 57 34 35 6 47
64 51 57 25 34 35 6 47
64 51 57 34 58 35 6 47
64 58 33 58 51 57 34 35 6 47
64 51 41 45 41 57 34 35 6 47
64 51 57 41 27 41 34 35 6 47
64 51 57 34 41 45 41 35 6 47
64 51 57 34 35 51 8 56 6 47
18 32 39 48 69 0 2 14
18 69 23 50 23 0 2 14
18 69 0 50 13 50 2 14
18 65 39 48 69 23 2 14
18 69 0 50 0 23 2 14
18 69 23 50 13 50 2 14
18 65 19 3 0 2 14
18 19 3 0 50 2 14
18 32 37 65 19 3 0 2 14
18 19 18 39 48 3 0 2 14
18 19 3 23 50 0 2 14
18 19 3 0 50 17 50 2 14
18 69 0 50 23 2 14
18 38 22 38 69 0 23 2 14
18 69 23 50 0 23 2 14
18 69 0 50 13 50 23 2 14
18 69 0 23 50 33 50 2 14
18 69 3 0 50 2 14
18 39 48 69 3 0 2 14
18 69 38 36 19 3 0 2 14
18 69 3 23 50 0 2 14
18 69 3 0 50 43 50 2 14
18 69 23 50 0 2 14
18 67 65 19 69 23 0 2 14
18 69 0 50 2 23 0 2 14
18 69 23 2 50 0 2 14
18 69 23 0 23 50 23 2 14
18 38 3 0 50 2 14
18 65 5 54 38 3 0 2 14
18 38 22 19 3 0 2 14
18 38 3 23 50 23 0 2 14
18 38 3 0 50 17 50 2 14
18 65 19 69 0 2 14
18 19 69 0 50 2 14
18 32 37 65 19 69 0 2 14
18 19 22 36 38 69 0 2 14
18 19 69 23 50 0 2 14
18 19 69 0 23 50 2 14
18 65 19 3 23 2 14
18 19 3 23 50 2 14
18 38 22 36 19 3 23 2 14
18 19 22 36 38 3 23 2 14
18 19 3 0 50 0 23 2 14
18 19 3 23 50 13 50 2 14
18 69 29 23 50 2 14
18 19 36 38 69 29 23 2 14
18 69 18 39 48 29 23 2 14
18 69 29 23 50 0 2 14
18 69 3 23 50 2 14
18 65 39 48 69 3 23 2 14
18 69 48 39 48 3 23 2 14
18 69 3 0 50 2 23 2 14
18 69 3 23 50 43 50 2 14
18 66 3 0 50 2 14
18 5 65 19 66 3 0 2 14
18 66 18 65 19 3 0 2 14
18 66 3 23 50 0 2 14
18 66 3 0 50 13 50 2 14
18 38 69 0 50 2 14
18 32 65 54 38 69 0 2 14
18 38 18 37 18 69 0 2 14
18 38 69 23 50 23 0 2 14
18 38 69 0 50 43 50 2 14
18 38 3 23 50 2 14
18 5 65 19 38 3 23 2 14
18 38 19 36 19 3 23 2 14
18 38 3 0 50 0 23 2 14
18 38 3 23 50 33 50 2 14
18 65 19 29 23 2 14
18 19 29 23 50 2 14
18 54 65 54 19 29 23 2 14
18 19 18 39 48 29 23 2 14
18 19 29 23 50 13 50 2 14
18 65 19 69 23 2 14
18 19 69 23 50 2 14
18 65 5 65 19 69 23 2 14
18 19 65 37 18 69 23 2 14
18 19 69 0 50 0 23 2 14
18 19 69 23 50 17 50 2 14
18 66 69 0 50 2 14
18 32 5 54 66 69 0 2 14
18 66 18 67 18 69 0 2 14
18 66 69 23 50 2 0 2 14
18 66 69 0 50 43 50 2 14
18 66 3 23 50 2 14
18 37 32 54 66 3 23 2 14
18 66 38 22 19 3 23 2 14
18 66 3 0 50 2 23 2 14
18 66 3 23 50 17 50 2 14
18 38 69 23 50 2 14
18 54 5 54 38 69 23 2 14
18 38 19 22 19 69 23 2 14
18 38 69 0 50 0 23 2 14
18 38 69 23 50 17 50 2 14
18 66 29 23 50 2 14
18 65 5 54 66 29 23 2 14
18 66 38 22 19 29 23 2 14
18 66 29 23 50 43 50 2 14
18 66 69 23 50 2 14
18 54 32 54 66 69 23 2 14
18 66 18 67 18 69 23 2 14
18 66 69 0 50 0 23 2 14
18 66 69 23 0 50 2 14
18 65 19 3 0 23 2 14
18 19 3 0 50 23 2 14
18 19 3 0 23 50 2 14
18 5 37 65 19 3 0 23 2 14
18 19 65 39 48 3 0 23 2 14
18 19 3 23 50 2 0 23 2 14
18 19 3 0 50 17 50 23 2 14
18 19 3 0 23 50 33 50 2 14
18 69 3 0 50 23 2 14
18 69 3 0 23 50 2 14
18 65 19 69 3 0 23 2 14
18 69 19 65 19 3 0 23 2 14
18 69 3 23 50 0 23 2 14
18 69 3 0 50 13 50 23 2 14
18 69 3 0 23 0 50 0 2 14
18 38 3 0 50 23 2 14
18 38 3 0 23 50 2 14
18 32 54 38 3 0 23 2 14
18 38 22 19 3 0 23 2 14
18 38 3 23 50 23 0 23 2 14
18 38 3 0 50 13 50 23 2 14
18 38 3 0 23 50 43 50 2 14
18 65 19 69 0 23 2 14
18 19 69 0 50 23 2 14
18 38 22 36 19 69 0 23 2 14
18 19 18 65 18 69 0 23 2 14
18 19 69 23 50 23 0 23 2 14
18 19 69 0 50 33 50 23 2 14
18 19 69 0 23 50 13 50 2 14
18 65 19 3 69 0 2 14
18 19 3 69 0 50 2 14
18 19 18 39 48 3 69 0 2 14
18 19 3 0 50 0 69 0 2 14
18 19 3 69 23 50 23 0 2 14
18 19 3 69 0 50 17 50 2 14
5 18 69 18 67 27 12 40 47
5 67 27 25 41 25 12 40 47
5 67 27 12 4 53 47 40 47
5 67 27 25 4 53 40 47
5 18 69 18 67 27 25 4 40 47
5 67 27 41 36 41 25 4 40 47
5 67 27 25 27 41 12 4 40 47
5 67 27 25 4 12 41 12 40 47
5 54 18 67 27 12 4 40 47
5 67 27 41 34 41 12 4 40 47
5 67 27 12 40 53 4 40 47
5 67 27 12 4 7 46 40 47
5 32 37 67 27 12 40 47
5 37 65 67 27 12 40 47
5 37 67 27 41 12 40 47
5 54 38 18 37 67 27 12 40 47
5 37 18 65 67 27 12 40 47
5 37 67 27 25 41 12 40 47
5 37 67 27 12 4 53 40 47
5 65 67 27 25 12 40 47
5 67 27 41 25 12 40 47
5 18 67 27 25 12 40 47
5 67 27 41 51 41 25 12 40 47
5 67 27 25 4 53 4 12 40 47
5 67 27 25 12 4 53 4 40 47
5 65 67 27 12 25 4 40 47
5 67 27 41 12 25 4 40 47
5 67 27 12 41 25 4 40 47
5 67 27 12 25 4 53 40 47
5 65 39 18 67 27 12 25 4 40 47
5 67 27 41 51 41 12 25 4 40 47
5 67 27 12 41 35 34 25 4 40 47
5 67 27 12 25 41 12 4 40 47
5 67 27 12 25 4 7 53 7 40 47
5 18 37 67 27 25 4 40 47
5 37 18 67 27 25 4 40 47
5 37 67 27 41 25 4 40 47
5 37 67 27 25 4 7 40 47
5 54 65 32 37 67 27 25 4 40 47
5 37 18 38 18 67 27 25 4 40 47
5 37 67 27 41 57 25 4 40 47
5 37 67 27 25 34 41 12 4 40 47
5 37 67 27 25 4 7 53 7 40 47
5 18 37 67 27 12 4 40 47
5 37 65 67 27 12 4 40 47
5 37 67 27 41 12 4 40 47
5 65 19 18 37 67 27 12 4 40 47
5 37 65 32 18 67 27 12 4 40 47
5 37 67 27 41 36 41 12 4 40 47
5 37 67 27 12 25 41 25 4 40 47
5 37 67 27 12 4 7 46 53 40 47
5 65 67 27 25 12 4 40 47
5 67 27 41 25 12 4 40 47
5 67 27 25 41 12 4 40 47
5 67 27 25 12 4 7 40 47
5 54 38 18 67 27 25 12 4 40 47
5 67 27 41 34 25 12 4 40 47
5 67 27 25 57 34 41 12 4 40 47
5 67 27 25 12 25 57 25 4 40 47
5 67 27 25 12 4 25 41 12 40 47
39 65 18 69 48 3 0 2 14
39 48 39 18 69 3 0 2 14
39 48 3 19 38 69 0 2 14
39 48 3 0 50 43 50 2 14
39 48 29 23 50 2 14
39 18 38 3 48 29 23 2 14
39 48 66 54 19 29 23 2 14
39 48 29 66 19 69 23 2 14
39 48 29 23 50 43 50 2 14
39 48 3 23 50 2 14
39 18 38 66 48 3 23 2 14
39 48 66 54 66 3 23 2 14
39 48 3 0 50 2 23 2 14
39 48 3 23 50 13 50 2 14
39 48 69 0 50 2 14
39 18 38 66 48 69 0 2 14
39 48 29 19 69 0 2 14
39 48 69 23 50 0 2 14
39 48 69 23 50 2 14
39 18 38 66 48 69 23 2 14
39 48 3 38 3 69 23 2 14
39 48 69 0 50 23 2 14
39 48 69 23 50 13 50 2 14
39 48 3 0 50 23 2 14
39 48 3 0 23 50 2 14
39 65 54 66 48 3 0 23 2 14
39 48 69 18 69 3 0 23 2 14
39 48 3 23 50 0 23 2 14
39 48 3 0 69 38 69 23 2 14
39 48 3 0 23 50 13 50 2 14
39 48 29 19 3 0 2 14
39 48 29 3 0 50 2 14
39 65 18 66 48 29 3 0 2 14
39 48 66 38 66 29 3 0 2 14
39 48 29 19 36 19 3 0 2 14
39 48 29 3 23 50 0 2 14
39 48 29 3 0 50 17 50 2 14
39 48 29 23 50 0 2 14
39 48 29 23 0 50 2 14
39 32 54 66 48 29 23 0 2 14
39 48 3 19 69 29 23 0 2 14
39 48 29 19 18 69 23 0 2 14
39 48 29 23 50 17 50 0 2 14
39 48 29 23 0 50 13 50 2 14
39 48 3 38 69 0 2 14
39 48 3 69 0 50 2 14
39 18 54 66 48 3 69 0 2 14
39 48 29 19 66 3 69 0 2 14
39 48 3 38 22 19 69 0 2 14
39 48 3 69 18 19 3 0 2 14
39 48 3 69 0 50 13 50 2 14
39 48 3 23 50 0 2 14
39 48 3 23 0 50 2 14
39 18 38 66 48 3 23 0 2 14
39 48 66 54 66 3 23 0 2 14
39 48 3 0 50 2 23 0 2 14
39 48 3 23 50 2 0 2 14
39 48 3 23 0 50 17 50 2 14
39 48 66 38 3 0 2 14
39 48 66 3 0 50 2 14
39 18 38 66 48 66 3 0 2 14
39 48 29 19 69 66 3 0 2 14
39 48 66 19 38 3 0 2 14
39 48 66 3 69 19 69 0 2 14
39 48 66 3 0 50 33 50 2 14
39 48 69 0 23 50 2 14
39 32 54 66 48 69 0 23 2 14
39 48 3 38 69 0 23 2 14
39 48 69 3 19 3 0 23 2 14
39 48 69 0 2 50 2 23 2 14
39 48 69 0 23 50 43 50 2 14
39 48 69 38 3 0 2 14
39 48 69 3 0 50 2 14
39 65 54 66 48 69 3 0 2 14
39 48 66 54 19 69 3 0 2 14
39 48 69 38 18 66 3 0 2 14
39 48 69 3 69 18 69 0 2 14
39 48 69 3 0 50 13 50 2 14
39 48 69 23 0 50 2 14
39 65 19 3 48 69 23 0 2 14
39 48 3 38 66 69 23 0 2 14
39 48 69 0 50 2 23 0 2 14
39 48 69 23 69 38 69 0 2 14
39 48 69 23 0 50 17 50 2 14
39 48 29 69 0 50 2 14
39 18 38 66 48 29 69 0 2 14
39 48 66 54 19 29 69 0 2 14
39 48 29 19 36 19 69 0 2 14
39 48 29 69 19 38 3 0 2 14
39 48 29 69 0 50 43 50 2 14
39 48 29 19 3 23 2 14
39 48 29 3 23 50 2 14
39 32 54 66 48 29 3 23 2 14
39 48 69 19 3 29 3 23 2 14
39 48 29 66 54 19 3 23 2 14
39 48 29 3 0 50 23 2 14
39 48 29 3 23 50 13 50 2 14