36870.82219938335 15.0 0.6423432682411874 
67466.76953163969 16.0 0.24538337950552647 
70236.52914874382 15.0 0.23958463285054002 
104496.60546391191 16.0 0.028263103802672145 
118710.37614809093 15.0 0.11176748114307893 
202894.57537389462 16.0 0.0 
229445.15891477224 15.0 4.97559751309787E-185 
62642.326131434216 16.0 0.3057525875220699 
75513.15863657002 16.0 0.11369476156313399 
92494.75932272091 15.0 0.19591378919985397 
150461.0183270032 16.0 0.011562180513548872 
44800.931397738954 15.0 0.5202980472754217 
75513.26618349894 16.0 0.11369475847932731 
67475.39156568152 16.0 0.2453751295285171 
55664.37342868646 16.0 0.3096012042555592 
70236.52912151883 15.0 0.23959403784622357 
