38746.02455979065 15.0 0.5741820251478422 
43017.53482377024 16.0 0.531865662430976 
57667.87284444715 17.0 0.2909441233140655 
83407.3129189876 15.0 0.2704195850586253 
104201.66547879731 16.0 0.0655148878425295 
112872.59122357289 15.0 0.10084789311408016 
239280.71343086116 16.0 1.6639857228210494E-9 
240226.1661707839 15.0 2.4902044907620392E-132 
75038.4028181907 16.0 0.24856308182190828 
86219.15635296851 16.0 0.11626413185899084 
103769.27057061467 15.0 0.17663466254246807 
122359.20583580429 16.0 0.03982016703039989 
83407.31288763769 15.0 0.2704265150398277 
86219.17384435747 16.0 0.11626413155194078 
169469.33493265838 16.0 0.012217888777374309 
131177.69683543246 17.0 0.019267822736030827 
