42182.838403383794 15.0 0.6422619128645614 
69898.56712708388 16.0 0.2209660842754368 
85507.46602888379 15.0 0.2402169122167747 
107630.37892487831 16.0 0.030188070848028433 
103723.50813496982 15.0 0.0886616075908852 
212418.9111912481 16.0 0.0 
227425.3099992496 15.0 2.8821476703371224E-80 
63205.86698380052 16.0 0.3308067831446798 
84522.24746810543 16.0 0.0905871550058488 
90940.19185785107 15.0 0.17406405181387508 
147021.1349314475 16.0 0.023766700924974304 
69898.56712708388 16.0 0.2209660842754368 
103723.50818774683 15.0 0.08864337335999883 
227425.34470422418 15.0 3.7021806940746594E-84 
84522.24751225532 16.0 0.09057040297431031 
77998.46184104873 15.0 0.31345410621865344 
