39626.85081297991 15.0 0.6192100007464375 
82682.14540974979 15.0 0.2800616649537513 
88487.73910836058 16.0 0.1233299075024768 
99100.95801547017 17.0 0.05652620760534429 
121893.19152472525 15.0 0.1355344295991778 
139230.28148085118 16.0 0.0019270298047276465 
232683.45552473713 15.0 4.761000661791838E-34 
72396.45109065024 16.0 0.26718047527296085 
84085.3327399251 17.0 0.11626413155190134 
113332.2943262054 15.0 0.24794450154162384 
94438.50285579082 16.0 0.085431654676259 
42210.99885244571 15.0 0.5202630628775262 
82682.14540974979 15.0 0.2800616649537513 
99100.95801547017 17.0 0.05652620760534429 
226657.97778879257 16.0 7.855629783560745E-42 
438520.72568205156 15.0 6.11560778650204E-38 
