44698.81965339393 15.0 0.6012332990750257 
56401.14020162112 16.0 0.2935508735864922 
83822.63897415435 15.0 0.26140012845215155 
85509.742818104 16.0 0.10982658959537572 
107152.19379147663 17.0 0.0301881574277251 
160046.4173690913 15.0 0.19591469681397738 
142764.83017507504 16.0 0.013489209427991164 
226489.02621030438 15.0 4.983421805464669E-162 
76301.4960542745 16.0 0.18178314784770086 
79627.05491208518 17.0 0.12718132678002933 
116326.29345239479 15.0 0.2447349261565128 
91581.55106210799 16.0 0.09571096038401997 
76304.12065564629 16.0 0.18178314491301834 
87858.30713556861 16.0 0.09827819023254773 
97984.34245892483 17.0 0.05395683453237409 
44698.81965339393 15.0 0.6012332990750257 
