34195.79326175724 15.0 0.6358381502890174 
67106.8310128447 15.0 0.23765050717477215 
101639.93999298404 16.0 0.0539568345323741 
97390.97026740156 15.0 0.11432241490044959 
213792.06481202564 16.0 0.0 
214511.19893951013 15.0 4.75433787775945E-310 
58822.8893924635 16.0 0.2845580678314491 
77895.41364177573 16.0 0.1091983556012333 
116608.042232994 16.0 0.05331325360850873 
34315.82541109969 15.0 0.6166495375120572 
67106.8310128447 15.0 0.23765050717477215 
101639.93999298404 16.0 0.0539568345323741 
92411.85831944502 15.0 0.11819066440782279 
400151.2884880203 15.0 0.0 
77895.41364177573 16.0 0.1091983556012333 
115580.17821619286 16.0 0.053314491105152025 
