[3, 4][7, 14][9, 13][6, 14][0, 1][2, 5][10, 11][6, 9][1, 3][3, 4][8, 14][12, 13][10, 12][3, 5][5, 7] 
[7, 14, 6, 9][5, 14, 6, 9][1, 2][5, 7][12, 13][9, 10][0, 1][2, 5][10, 11][1, 3][3, 4][8, 14][12, 13][10, 12][3, 11] 
[3, 1, 2, 5, 7, 9][1, 2][7, 14][12, 13][9, 12][0, 1][2, 5][5, 14][6, 9][5, 7][3, 4][8, 14][10, 12][3, 11][8, 14] 
[8, 14, 5, 2, 1, 4, 3, 11][0, 1, 2, 5, 7, 9][1, 2][7, 14][12, 13][9, 10][2, 5][10, 11][6, 9][1, 3][3, 4][8, 14][12, 13][10, 12][5, 14] 
[2, 1, 3, 5, 14, 8][7, 14, 6, 9][5, 14, 6, 9][1, 2][5, 7][12, 13][9, 10][0, 1][2, 5][10, 11][3, 4][8, 14][12, 13][10, 12][3, 11] 
[1, 4, 3, 11, 10, 12, 9, 13][0, 1, 2, 5, 7, 9][1, 2, 5, 14, 8][3, 5, 14, 7][1, 2][12, 13][9, 10][2, 5][10, 11][6, 9][1, 3][3, 4][8, 14][12, 13][2, 5] 
[0, 1, 4, 3, 11, 10, 12, 13][8, 14, 6, 9, 10, 12, 13][1, 3, 11, 10, 9, 7, 5][3, 1, 2, 5, 14, 8][0, 1, 2, 5, 7, 9][7, 14][9, 13][2, 5][1, 3][6, 9][3, 4][8, 14][10, 12][2, 5][8, 14] 
[0, 1, 4, 3, 11, 10][1, 3][7, 14][9, 13][9, 10][7, 9][2, 5][1, 3][6, 9][5, 7][3, 4][8, 14][10, 12][2, 5][8, 14] 
[0, 1, 2, 5, 7, 9][5, 14, 8][1, 2][7, 14][12, 13][9, 10][2, 5][10, 11][6, 9][1, 3][3, 4][8, 14][12, 13][10, 12][3, 11] 
[7, 14, 6, 9][6, 9, 12, 10][5, 14, 6, 9][1, 2][5, 7][12, 13][9, 10][0, 1][2, 5][10, 11][1, 3][3, 4][8, 14][12, 13][3, 11] 
[0, 1, 2, 5, 7, 9, 12][9, 13, 12][5, 14, 8][1, 2][7, 14][9, 10][2, 5][10, 11][6, 9][1, 3][3, 4][12, 13][10, 12][2, 5][5, 14] 
[1, 2][5, 7][12, 13][9, 10][0, 1][2, 5][10, 11][6, 9][1, 3][3, 4][8, 14][12, 13][10, 12][3, 11][5, 14] 
[7, 14, 6, 9][5, 14, 6, 9][1, 2][5, 7][12, 13][9, 10][0, 1][2, 5][10, 11][1, 3][3, 4][8, 14][12, 13][10, 12][3, 11] 
[8, 14, 5, 2, 1, 4, 3, 11][0, 1, 2, 5, 7, 9][1, 2][7, 14][12, 13][9, 10][2, 5][10, 11][6, 9][1, 3][3, 4][8, 14][12, 13][10, 12][5, 14] 
[0, 1, 4, 3, 11, 10, 12, 13][1, 3, 11, 10, 9, 7, 5][3, 1, 2, 5, 14, 8][8, 14, 6, 9, 12, 13][0, 1, 2, 5, 7, 9][7, 14][9, 13][2, 5][1, 3][6, 9][3, 4][8, 14][10, 12][2, 5][8, 14] 
[0, 1, 3, 5, 14, 7, 9, 6][0, 1, 2, 5, 7, 9, 13, 12][2, 5, 14, 6, 9, 10, 12, 13][4, 1, 3, 5, 7, 14, 6, 9][1, 3, 11, 10, 9, 7, 14, 8][0, 1, 4, 3, 11, 10, 12, 13][8, 14, 6, 9, 10, 12, 13][1, 3, 11, 10, 9, 7, 5][3, 1, 2, 5, 14, 8][9, 13][1, 3][3, 4][10, 12][2, 5][8, 14] 
