[3, 11][12, 13][10, 12][6, 9][10, 11][1, 3][5, 14][9, 13][7, 14][10, 11][1, 2][8, 14][6, 14][3, 4][0, 1] 
[5, 14, 6, 9][4, 3, 5][1, 2][1, 3][8, 14][9, 10][9, 13][12, 13][5, 7][10, 12][10, 11][9, 12][0, 1][3, 11][6, 14] 
[4, 3, 5, 14][1, 2, 5][0, 1][1, 3][7, 9][9, 10][9, 13][12, 13][5, 7][10, 11][10, 12][6, 9][0, 1][3, 11][8, 14] 
[0, 1, 2, 5, 7, 9][7, 14, 8][1, 4, 3][1, 3][9, 10][9, 13][12, 13][5, 7][10, 12][10, 11][9, 12][6, 9][0, 1][3, 11][6, 14] 
[1, 4, 3, 5, 14, 6][1, 2, 5][6, 14, 8][0, 1][1, 3][7, 9][9, 10][9, 13][12, 13][5, 7][10, 11][10, 12][6, 9][0, 1][3, 11] 
[1, 4, 3, 5, 7, 9, 6, 14][8, 14, 7, 9, 13, 12, 10][0, 1, 2, 5, 7][2, 1, 3, 11, 10][3, 11, 10, 12, 13][5, 14, 6, 9][1, 3][9, 10][9, 13][12, 13][5, 7][10, 12][9, 12][0, 1][6, 14] 
[1, 4, 3, 5, 7, 9, 6, 14][8, 14, 7, 9, 13, 12, 10][0, 1, 2, 5, 7, 9][1, 3, 11, 10][1, 3][9, 10][9, 13][12, 13][5, 7][10, 12][9, 12][6, 9][0, 1][3, 11][6, 14] 
[5, 14, 6, 9][1, 2][1, 3][8, 14][3, 4][9, 10][9, 13][12, 13][5, 7][10, 12][10, 11][9, 12][0, 1][3, 11][6, 14] 
[1, 2, 5, 3, 4][5, 14, 6, 9][1, 2][1, 3][8, 14][9, 10][9, 13][12, 13][5, 7][10, 12][10, 11][9, 12][0, 1][3, 11][6, 14] 
[1, 4, 3, 5, 14][1, 2, 5][6, 14, 8][0, 1][1, 3][7, 9][9, 10][9, 13][12, 13][5, 7][10, 11][10, 12][6, 9][0, 1][3, 11] 
[8, 14, 7, 9, 13, 12, 10][0, 1, 2, 5, 7, 9][3, 11, 10][1, 3][1, 4][9, 10][9, 13][12, 13][5, 7][10, 12][9, 12][6, 9][0, 1][3, 11][6, 14] 
[5, 14, 6, 9][4, 3, 5][1, 2][1, 3][8, 14][9, 10][9, 13][12, 13][5, 7][10, 12][10, 11][9, 12][0, 1][3, 11][6, 14] 
[1, 4, 3, 5, 14, 6][1, 2, 5][6, 14, 8][0, 1][1, 3][7, 9][9, 10][9, 13][12, 13][5, 7][10, 11][10, 12][6, 9][0, 1][3, 11] 
[1, 4, 3, 5, 7, 9, 6, 14][8, 14, 7, 9, 13, 12, 10][0, 1, 2, 5, 7, 9][1, 3, 11, 10][1, 3][9, 10][9, 13][12, 13][5, 7][10, 12][9, 12][6, 9][0, 1][3, 11][6, 14] 
[1, 2, 5, 3, 4][5, 14, 6, 9][1, 2][1, 3][8, 14][9, 10][9, 13][12, 13][5, 7][10, 12][10, 11][9, 12][0, 1][3, 11][6, 14] 
[4, 3, 5, 14][0, 1][1, 3][7, 9][9, 10][9, 13][12, 13][5, 7][10, 11][1, 2][10, 12][6, 9][0, 1][3, 11][8, 14] 
