[5, 7, 14, 8][3, 11, 10][9, 13][6, 14][12, 13][6, 9][1, 4][6, 9][2, 5][5, 14][6, 14][0, 1][8, 14][1, 2][10, 12] 
[5, 7, 14, 8][9, 13, 12][1, 2][2, 5][5, 14][1, 4][7, 14][0, 1][6, 9][3, 4][10, 11][3, 11][7, 9][5, 14][9, 10] 
[8, 14, 6, 9, 12][5, 7, 9][1, 2][2, 5][9, 13][5, 14][1, 4][7, 14][0, 1][3, 4][10, 11][3, 11][1, 2][5, 14][9, 10] 
[0, 1, 2, 5, 7, 14, 8][4, 3, 5, 7][9, 13, 12][1, 2][2, 5][5, 14][1, 4][7, 14][6, 9][10, 11][3, 11][7, 9][1, 2][5, 14][9, 10] 
[0, 1, 4, 3, 5, 14][8, 14, 6, 9, 12][5, 14, 6, 9][5, 7, 9][1, 2][2, 5][9, 13][5, 14][1, 4][7, 14][3, 4][10, 11][3, 11][5, 14][9, 10] 
[3, 11, 10, 12, 13, 9][7, 5, 3, 11][1, 2][2, 5][5, 14][1, 4][7, 14][0, 1][6, 9][3, 4][10, 11][7, 9][1, 2][8, 14][9, 10] 
[1, 4, 3, 11, 10, 12, 13, 9][8, 14, 6, 9, 12][1, 2, 5, 7, 9][1, 2][2, 5][5, 14][1, 4][7, 14][0, 1][3, 4][10, 11][3, 11][1, 2][5, 14][9, 10] 
[2, 1, 3, 11, 10, 9, 12, 13][8, 14, 5, 3, 11, 10, 9][4, 3, 11, 10, 12, 13][0, 1, 2, 5, 7][6, 9, 7, 14, 8][6, 9, 13][5, 7, 9][5, 14, 7][6, 14][1, 4][2, 5][5, 14][6, 14][2, 5][10, 12] 
[4, 3, 1, 2, 5, 14, 6][2, 5, 3][3, 11, 10][9, 13][6, 14][7, 9][0, 1][1, 4][8, 14][5, 14][5, 7][6, 14][2, 5][9, 10][10, 12] 
[4, 3, 1, 2, 5, 7, 14, 8][9, 13, 12][1, 2][2, 5][5, 14][1, 4][7, 14][0, 1][6, 9][3, 4][10, 11][3, 11][7, 9][5, 14][9, 10] 
[5, 14, 7, 9, 13, 12, 10][8, 14, 6, 9, 12][5, 7, 9][1, 2][2, 5][9, 13][5, 14][1, 4][7, 14][0, 1][3, 4][10, 11][3, 11][1, 2][9, 10] 
[0, 1, 2, 5, 7, 14, 8][2, 1, 4, 3, 11][4, 3, 5, 7][9, 13, 12][1, 2][2, 5][5, 14][1, 4][7, 14][6, 9][10, 11][7, 9][1, 2][5, 14][9, 10] 
[4, 3, 1, 2, 5, 14, 6][2, 5, 3][3, 11, 10][9, 13][6, 14][7, 9][0, 1][1, 4][8, 14][5, 14][5, 7][6, 14][2, 5][9, 10][10, 12] 
[0, 1, 2, 5, 7, 14, 8][4, 3, 5, 7][2, 1, 3, 11][9, 13, 12][1, 2][2, 5][5, 14][1, 4][7, 14][6, 9][10, 11][7, 9][1, 2][5, 14][9, 10] 
[0, 1, 3, 5, 14][8, 14, 6, 9, 12][5, 14, 6, 9][5, 7, 9][1, 2][2, 5][9, 13][5, 14][1, 4][7, 14][3, 4][10, 11][3, 11][5, 14][9, 10] 
[5, 7, 14, 8][3, 11, 10][9, 13][6, 14][12, 13][6, 9][1, 4][6, 9][2, 5][5, 14][6, 14][0, 1][8, 14][1, 2][10, 12] 
