[3, 11][10, 11][5, 14][3, 5][1, 4][6, 9][3, 4][9, 13][5, 7][8, 14][8, 14][1, 2][12, 13][6, 14][0, 1] 
[3, 5, 7, 9][3, 5][5, 14][1, 2][3, 4][12, 13][8, 14][9, 13][3, 11][8, 14][10, 12][0, 1][6, 9][9, 10][2, 5] 
[1, 3, 5, 14][7, 9, 13][3, 11][10, 11][5, 14][9, 10][1, 4][6, 9][2, 5][5, 7][8, 14][0, 1][10, 12][6, 14][0, 1] 
[2, 1, 3, 5, 7, 9, 12, 13][4, 1, 3, 11][7, 14, 8][3, 11, 10][3, 5][5, 14][3, 4][8, 14][9, 13][8, 14][10, 12][0, 1][6, 9][9, 10][2, 5] 
[6, 14, 5, 3, 11, 10][1, 3, 5, 14, 6][12, 13, 9, 7, 14][5, 7, 14, 8][3, 11][10, 11][5, 14][9, 10][1, 4][6, 9][2, 5][5, 7][0, 1][10, 12][0, 1] 
[2, 1, 3, 5, 7, 14, 6, 9][5, 3, 11, 10, 9, 12, 13][0, 1, 3, 5, 14, 8][0, 1, 2, 5, 7][1, 4, 3][9, 10, 12][3, 11][10, 11][5, 14][6, 9][2, 5][9, 13][5, 7][8, 14][7, 14] 
[2, 1, 3, 5, 7, 14, 6, 9][5, 3, 11, 10, 9, 12, 13][1, 4, 3, 11, 10, 9][5, 14, 6, 9, 10, 12][0, 1, 2, 5, 7][8, 14, 7, 9][0, 1, 3][3, 11][10, 11][5, 14][6, 9][2, 5][9, 13][5, 7][7, 14] 
[2, 5, 7, 9][3, 5][5, 14][8, 14][3, 4][1, 3][8, 14][9, 13][3, 11][8, 14][10, 12][0, 1][6, 9][9, 10][2, 5] 
[4, 1, 2, 5, 7, 9][7, 14, 8][3, 5][5, 14][8, 14][3, 4][1, 3][9, 13][3, 11][8, 14][10, 12][0, 1][6, 9][9, 10][2, 5] 
[6, 14, 5, 3, 11, 10][5, 7, 14, 8][13, 9, 7, 14][3, 11][10, 11][5, 14][9, 10][1, 4][6, 9][2, 5][1, 3][5, 7][0, 1][10, 12][0, 1] 
[4, 1, 3, 11, 10, 12, 9, 13][4, 1, 2, 5, 7, 9][1, 2, 5, 14, 8][3, 5][5, 14][3, 4][8, 14][9, 13][3, 11][8, 14][10, 12][0, 1][6, 9][9, 10][2, 5] 
[3, 5][5, 14][7, 14][3, 4][3, 11][8, 14][9, 13][10, 11][8, 14][10, 12][0, 1][6, 9][1, 3][9, 10][2, 5] 
[4, 1, 2, 5, 7, 9][7, 14, 8][3, 5][5, 14][8, 14][3, 4][1, 3][9, 13][3, 11][8, 14][10, 12][0, 1][6, 9][9, 10][2, 5] 
[3, 5, 7, 9][3, 5][5, 14][1, 2][3, 4][12, 13][8, 14][9, 13][3, 11][8, 14][10, 12][0, 1][6, 9][9, 10][2, 5] 
[5, 7, 9][3, 5][5, 14][1, 2][3, 4][12, 13][8, 14][9, 13][3, 11][8, 14][10, 12][0, 1][6, 9][9, 10][2, 5] 
[1, 3, 5, 14][7, 9, 13][3, 11][10, 11][5, 14][9, 10][1, 4][6, 9][2, 5][5, 7][8, 14][0, 1][10, 12][6, 14][0, 1] 
