34895.56840077071 15.0 0.6833654463712268 
42041.462770341976 16.0 0.43673731535003213 
53953.74438419231 17.0 0.24213230571612074 
58923.54187284659 15.0 0.2524084778420039 
71856.74404584532 16.0 0.14900449582530506 
79845.63130623415 17.0 0.05908798972382787 
108847.30732321854 15.0 0.16634553628773283 
126360.67055781321 16.0 0.03468208092485549 
182043.01422255344 15.0 0.0 
59435.58263628389 16.0 0.23057161207450225 
66167.88459073938 17.0 0.13359023763648042 
87457.38663828312 15.0 0.22928709055876687 
74471.28336254896 16.0 0.08863198458574181 
64023.18134680522 16.0 0.17533718689788053 
110662.58910131456 18.0 0.0340398201669878 
108120.59658547072 16.0 0.05908798972382787 
