[5, 7][2, 5][0, 1][1, 3][5, 14][6, 14][8, 14][6, 9][3, 4][3, 11][10, 11][12, 13][10, 12][8, 14][1, 2] 
[1, 2, 5, 7][10, 12, 13][9, 10][10, 11][6, 9][6, 14][3, 11][3, 4][8, 14][0, 1][8, 14][8, 14][1, 3][6, 14][6, 14] 
[1, 2, 5, 7][6, 9, 10][10, 12, 13][6, 14][7, 9][8, 14][10, 11][1, 3][0, 1][3, 4][6, 14][6, 14][8, 14][8, 14][8, 14] 
[1, 2, 5][7, 9, 12][10, 12, 13][1, 3][5, 7][3, 11][3, 4][6, 9][6, 14][8, 14][0, 1][8, 14][10, 11][9, 10][3, 5] 
[1, 2, 5, 7, 9][10, 12, 13][6, 14][8, 14][6, 9][0, 1][9, 12][1, 4][1, 3][10, 11][6, 14][10, 11][8, 14][8, 14][8, 14] 
[10, 11, 3, 5, 7, 9, 13][0, 1, 2, 5, 14, 6][12, 13][6, 9][8, 14][3, 4][6, 14][9, 10][6, 14][6, 14][6, 14][6, 14][10, 11][6, 14][6, 14] 
[3, 5, 7, 9, 12][3, 5, 7, 9, 12][1, 2, 5][0, 1][5, 7][12, 13][3, 4][6, 9][9, 10][6, 14][8, 14][10, 11][8, 14][1, 3][8, 14] 
[4, 1, 2, 5, 7, 9, 10][8, 14, 7, 9, 13][10, 12, 13][8, 14][5, 7][6, 9][10, 11][3, 11][1, 3][0, 1][2, 5][5, 14][3, 4][6, 14][0, 1] 
[10, 11, 3, 5, 7, 9, 12, 13][4, 3, 1, 2, 5, 7, 9, 10][0, 1, 2, 5, 14, 6][8, 14, 7, 9, 13][10, 12, 13][8, 14][7, 14][2, 5][3, 4][6, 9][10, 12][10, 11][3, 11][10, 11][5, 14] 
[5, 7, 9, 12][6, 9, 10][1, 2, 5][8, 14][6, 14][10, 11][1, 3][12, 13][3, 4][0, 1][6, 14][10, 12][8, 14][8, 14][6, 14] 
[1, 2, 5, 7, 9][10, 12, 13][9, 10][6, 9][10, 11][6, 14][8, 14][3, 11][0, 1][3, 4][8, 14][6, 14][6, 14][1, 3][8, 14] 
[1, 2, 5, 7][7, 9, 12][10, 12, 13][6, 9, 10][7, 9, 12][3, 4][3, 5][0, 1][10, 11][6, 14][8, 14][1, 3][8, 14][6, 14][3, 4] 
[1, 2, 5, 7, 9, 10][1, 3][0, 1][12, 13][10, 11][6, 9][6, 14][8, 14][9, 12][3, 4][6, 14][1, 4][6, 14][8, 14][6, 14] 
[3, 5, 7, 9, 12][6, 9, 10][1, 2, 5][10, 11][6, 14][8, 14][0, 1][3, 4][12, 13][6, 14][8, 14][8, 14][8, 14][6, 14][6, 14] 
[10, 11, 3, 5, 7, 9, 13][0, 1, 2, 5, 14, 6][8, 14][1, 4][9, 12][6, 14][6, 14][6, 14][6, 14][3, 4][8, 14][12, 13][8, 14][6, 14][6, 9] 
[10, 11, 3, 5, 7, 9, 13][0, 1, 2, 5, 14, 6][1, 2, 5, 7][10, 12, 13][12, 13][6, 9][6, 14][3, 4][8, 14][8, 14][6, 14][8, 14][9, 10][6, 14][6, 14] 
