[10, 11][3, 11][10, 12][1, 3][3, 4][1, 2][12, 13][9, 12][0, 1][6, 9][5, 7][7, 14][8, 14][2, 5][7, 14] 
[3, 5, 7, 9][3, 11][10, 11][8, 14][10, 12][12, 13][3, 4][1, 4][0, 1][1, 2][7, 14][8, 14][7, 14][8, 14][6, 9] 
[5, 7, 9, 10][1, 2, 5][9, 13, 12][0, 1][7, 14][8, 14][1, 4][10, 11][1, 3][6, 9][3, 4][12, 13][10, 12][8, 14][12, 13] 
[0, 1, 3, 5, 14, 8][10, 12][12, 13][9, 10][7, 9][5, 7][3, 4][10, 11][2, 5][10, 11][12, 13][1, 4][3, 11][6, 9][3, 11] 
[1, 2, 5, 14, 6, 9, 12][5, 7, 9, 10][8, 14][1, 4][7, 14][3, 4][3, 11][0, 1][10, 12][12, 13][10, 11][10, 12][1, 3][7, 14][3, 11] 
[0, 1, 3, 5, 14, 8][5, 7, 9, 10][5, 7, 9, 10][1, 2, 5][8, 14][10, 12][10, 11][12, 13][3, 4][6, 9][1, 2][3, 4][7, 14][7, 14][12, 13] 
[3, 1, 2, 5, 14, 6, 9, 12][3, 11, 10, 12, 13, 9, 6, 14][4, 1, 2, 5, 7, 9][0, 1, 3, 5, 14, 8][5, 7, 9, 10][7, 14][8, 14][12, 13][10, 12][10, 11][3, 4][12, 13][12, 13][10, 12][3, 11] 
[1, 2, 5, 14, 6, 9][5, 7, 9][3, 11][1, 3][10, 11][3, 4][10, 12][0, 1][7, 14][8, 14][12, 13][9, 12][7, 14][1, 4][9, 10] 
[0, 1, 3, 5, 14, 8][6, 9, 7][0, 1][3, 4][5, 7][3, 11][9, 10][10, 12][12, 13][2, 5][12, 13][3, 11][0, 1][10, 11][7, 9] 
[3, 1, 2, 5, 14, 6, 9, 12][0, 1, 2, 5, 3, 4][4, 3, 5, 14, 8][5, 7, 9, 10][1, 4][12, 13][10, 11][0, 1][8, 14][12, 13][12, 13][1, 4][10, 12][1, 4][3, 4] 
[5, 14, 8][6, 9, 7][1, 4][3, 11][2, 5][7, 14][12, 13][3, 4][1, 4][9, 10][0, 1][3, 11][10, 11][10, 11][10, 12] 
