35085.5427103404 15.0 0.691072575465639 
55445.26113531003 16.0 0.27488760436737314 
66787.13167458825 15.0 0.2472703917790623 
90416.77507993908 16.0 0.054592164418754016 
105798.27901714448 15.0 0.11754881808838644 
179985.8030703966 16.0 0.0 
197103.57590791932 15.0 0.0 
51724.792076901904 16.0 0.32755298651252407 
67949.1517927536 16.0 0.10789980732177264 
84427.11958070927 15.0 0.22160842754367935 
129388.4619747065 16.0 0.038535645472061654 
37010.69685292229 15.0 0.6506101477199743 
74608.60878173771 15.0 0.24023638232272818 
81766.36714221364 16.0 0.07578676942838793 
49111.53304850464 16.0 0.40847784200385356 
61550.821824558974 16.0 0.170199100834939 
