37136.53497141623 15.0 0.542068079640334 
43970.729908728266 16.0 0.49710982658959535 
55631.42776570301 17.0 0.3365446371226718 
73697.37719500926 15.0 0.26400308324768756 
84785.11408778057 16.0 0.06294155427103404 
183298.71919702826 16.0 6.422607578676942E-4 
188207.26292736377 15.0 0.0 
61802.59440268371 16.0 0.2524084778420039 
73021.40704510648 16.0 0.10918432883750803 
92083.42442054511 15.0 0.1894669235709698 
110606.84722575155 16.0 0.05074511735386918 
44196.095054592166 15.0 0.5118818240205524 
173772.59059783313 16.0 0.01605651894669236 
66353.50936850015 16.0 0.23699421965317918 
77083.36957011187 16.0 0.09441233140655106 
112516.93953351249 16.0 0.019275907714100326 
