35355.973025048166 15.0 0.6473988439306358 
58985.724588142344 16.0 0.23185613359023763 
74454.14398058917 15.0 0.287732819524727 
90918.74772311335 16.0 0.0539568345323741 
110960.66318128386 15.0 0.14771997430956968 
211923.42626450997 15.0 0.0 
58120.50556907179 16.0 0.3937890043473257 
73895.05745083933 16.0 0.10982658959537572 
98362.87362458039 15.0 0.2363823188129602 
90918.74772311335 16.0 0.0539568345323741 
98534.3621831546 15.0 0.2363519588953115 
210866.61086403448 16.0 0.05266538214515093 
