38521.02761721259 15.0 0.5639049454078355 
71891.52866477081 15.0 0.20362281603288795 
100023.01670054994 16.0 0.04238921001926782 
105047.79150732215 15.0 0.10534429599177801 
195905.6463632 16.0 0.00449582530507386 
209745.66438442058 15.0 0.0 
62305.44739092982 16.0 0.22800256904303148 
77403.64538252333 16.0 0.09056743044856166 
92361.7731810235 15.0 0.17405266538214514 
98319.80246445147 16.0 0.08220937700706486 
39526.011560693645 15.0 0.5105973025048169 
192972.6489642531 16.0 0.004496402803507395 
205571.68115552884 15.0 0.010918432883750802 
91713.25361142136 16.0 0.08863198458574181 
83016.93323179374 16.0 0.0905587668593449 
71427.19018633859 15.0 0.3821451509312781 
