[2, 1, 3, 5][10, 12][10, 11][12, 13][9, 13][3, 11][5, 7][7, 14][0, 1][3, 4][8, 14][6, 9][8, 14][8, 14][8, 14] 
[9, 10, 11][8, 14][7, 14][5, 7][3, 5][3, 4][1, 3][1, 2][0, 1][3, 11][10, 12][6, 9][12, 13][7, 14][8, 14] 
[1, 3, 5, 7][0, 1][1, 2][7, 14][8, 14][3, 4][3, 11][7, 9][6, 9][9, 13][12, 13][10, 12][8, 14][10, 12][7, 14] 
[2, 1, 3, 5][6, 9, 10, 11][5, 7][7, 9][0, 1][10, 12][9, 13][7, 14][8, 14][3, 4][3, 4][8, 14][1, 3][8, 14][3, 4] 
[0, 1, 3, 5, 7, 9, 10, 11][9, 12, 13][1, 2][7, 14][3, 4][6, 9][8, 14][8, 14][10, 12][8, 14][7, 14][8, 14][9, 13][7, 14][7, 14] 
[0, 1, 3, 5, 7, 9, 10, 11][1, 3, 5, 7, 9, 6, 14, 8][2, 5, 14, 6, 9, 12, 13][2, 1, 3, 5][8, 14][7, 14][3, 4][9, 13][8, 14][7, 14][8, 14][8, 14][8, 14][1, 3][1, 3] 
[0, 1, 3, 5, 7, 9, 10, 11][1, 3, 5, 7, 9, 6, 14, 8][2, 5, 14, 6, 9, 12, 13][4, 3, 11, 10, 9, 13][8, 14][7, 14][1, 2][1, 2][8, 14][7, 14][8, 14][7, 14][8, 14][7, 14][7, 14] 
[1, 3, 5, 7, 9][10, 12][12, 13][3, 4][7, 14][0, 1][8, 14][10, 11][6, 9][1, 2][7, 14][8, 14][7, 14][9, 13][7, 14] 
[1, 3, 5, 7, 9, 10][8, 14][7, 14][0, 1][9, 13][1, 2][10, 12][3, 4][6, 9][8, 14][7, 14][7, 14][3, 11][7, 14][7, 14] 
[2, 1, 3, 5, 14, 8][6, 9, 10, 11][9, 13, 12][8, 14][0, 1][5, 7][3, 4][7, 9][6, 9][3, 11][10, 12][3, 11][7, 14][8, 14][8, 14] 
[1, 3, 5, 7, 9, 6, 14][9, 10, 11][9, 13, 12][1, 2][0, 1][12, 13][1, 2][7, 14][6, 9][7, 14][8, 14][7, 14][8, 14][3, 4][7, 14] 
[10, 12][10, 11][9, 13][3, 11][1, 3][0, 1][3, 4][5, 7][7, 14][8, 14][6, 9][1, 2][7, 9][3, 5][8, 14] 
[0, 1, 3, 5, 7, 9, 10, 11][2, 5, 14, 6, 9, 12, 13][2, 1, 3, 5][6, 9][8, 14][3, 4][8, 14][3, 4][3, 4][7, 14][8, 14][10, 11][1, 3][9, 13][1, 3] 
[3, 5, 7, 9][9, 10, 11][0, 1][1, 3][9, 13][8, 14][3, 4][1, 2][7, 14][6, 9][3, 4][7, 14][7, 14][12, 13][8, 14] 
[1, 3, 5, 7, 9, 10, 11][10, 12][9, 13][7, 14][8, 14][6, 9][3, 4][1, 2][8, 14][8, 14][8, 14][8, 14][0, 1][8, 14][8, 14] 
[0, 1, 3, 5, 7, 9, 10, 11][3, 1, 2, 5, 14, 8][9, 12, 13][1, 2][7, 14][3, 4][6, 9][8, 14][10, 12][8, 14][7, 14][8, 14][9, 13][7, 14][7, 14] 
