34465.8734746307 15.0 0.603082851637765 
54572.06778770363 16.0 0.23763648041104687 
68987.533062233 15.0 0.21903905085657457 
94473.40628225952 16.0 0.03789338471419396 
124664.38223572148 15.0 0.15223222684200638 
215360.01301273165 16.0 0.0 
221024.87336942018 15.0 0.0 
69619.06414531246 16.0 0.11753371868978806 
97743.63529080102 15.0 0.2164696778259989 
42976.21708413616 15.0 0.5664739884393064 
68987.533062233 15.0 0.21903905085657457 
89359.27414777281 16.0 0.07579163691518487 
122413.22380427242 15.0 0.16506101477199744 
189454.14204348804 16.0 0.024405908798972382 
184091.3499899839 15.0 0.033397559409120106 
86841.66943583754 16.0 0.10918432883750803 
