34053.889382935624 15.0 0.6082209377007065 
67607.8698417111 15.0 0.24341682723185612 
88412.65951445348 16.0 0.04560868196481232 
112894.1254389742 15.0 0.12013675599569883 
188498.6445994578 16.0 0.0 
203636.61291430602 15.0 0.0 
54657.32853276435 16.0 0.2928709055876686 
78845.53112265964 16.0 0.1001926782273603 
39661.06615285807 15.0 0.50417469492614 
64173.13508606719 15.0 0.2543352601156069 
81049.91376463618 16.0 0.06358909606384465 
107364.29780045299 15.0 0.21454644304277323 
180795.9118685806 16.0 0.0025701155285616285 
199619.21120262006 15.0 0.01734689899575656 
57220.63886514688 16.0 0.24405908798972384 
78510.36812863125 16.0 0.12780989081567115 
