35286.976274132 15.0 0.6724470134874759 
54462.82413946932 16.0 0.31795991253373723 
68855.20762976998 15.0 0.279383429672447 
87351.82933124344 16.0 0.16506670725655656 
125907.67268083278 15.0 0.15931878284780152 
142545.5180659028 16.0 0.010918432883750802 
216649.52141798564 15.0 0.0 
58936.44134867355 16.0 0.26396917148362237 
69279.8261691341 17.0 0.13937058445728967 
102224.51799302522 16.0 0.06358381502890173 
36655.73538856776 15.0 0.6345536287732819 
74543.14722082873 15.0 0.25305073859987154 
87351.82933124344 16.0 0.16506670725655656 
109367.76699157942 15.0 0.22671804752729607 
129416.90280023395 16.0 0.04431599229287091 
212345.21310434202 15.0 3.629990153651708E-5 
