[6, 9, 13][10, 11][10, 12][3, 11][1, 3][1, 2][3, 4][2, 5][12, 13][5, 7][7, 14][8, 14][0, 1][8, 14][8, 14] 
[6, 9, 12, 10, 11][0, 1, 2, 5][9, 13][9, 10][1, 4][5, 7][6, 14][1, 3][6, 14][7, 9][8, 14][8, 14][10, 12][8, 14][6, 14] 
[0, 1, 2, 5, 7, 9, 10][9, 6, 14][5, 7][1, 4][3, 4][9, 13][10, 11][10, 12][6, 14][8, 14][6, 14][6, 14][8, 14][6, 14][1, 3] 
[2, 1, 4, 3, 5, 14, 8][0, 1, 2, 5][7, 9, 10][9, 6, 14][1, 3, 4][5, 7][1, 4][1, 3][3, 11][8, 14][9, 12][12, 13][9, 13][8, 14][8, 14] 
[3, 11, 10, 9, 7, 14, 8][0, 1, 2, 5, 7, 9, 10][4, 3, 5, 7, 9, 10][6, 9, 13][6, 14][8, 14][3, 4][9, 13][10, 12][5, 7][6, 14][2, 5][6, 14][12, 13][6, 14] 
[0, 1, 4, 3, 5, 7, 9, 6][0, 1, 2, 5, 7, 9, 13, 12][3, 11, 10, 9, 7, 14, 8][9, 12][6, 14][8, 14][12, 13][10, 11][6, 14][9, 10][6, 9][1, 3][10, 11][3, 4][3, 5] 
[7, 9, 10][1, 2, 5][9, 13][6, 14][10, 12][10, 11][8, 14][5, 7][3, 11][1, 4][6, 14][0, 1][8, 14][6, 14][6, 9] 
[1, 2, 5, 7, 9][12, 9, 13][8, 14][6, 9][9, 10][10, 11][1, 4][1, 3][3, 4][5, 7][8, 14][8, 14][0, 1][6, 14][5, 7] 
[1, 3, 4][10, 11][10, 12][9, 10][6, 9][6, 14][8, 14][5, 7][2, 5][0, 1][3, 11][1, 2][6, 14][12, 13][6, 14] 
[0, 1, 2, 5][1, 3, 4][9, 13][7, 9][9, 10][10, 11][6, 9][6, 14][10, 12][8, 14][9, 13][6, 14][8, 14][5, 7][6, 14] 
[0, 1, 2, 5, 7, 9, 10][5, 7][1, 4][3, 4][9, 13][10, 11][6, 9][10, 12][6, 14][8, 14][6, 14][6, 14][8, 14][6, 14][1, 3] 
[11, 10, 12, 9, 6, 14][0, 1, 2, 5][7, 9, 10][1, 3, 4][6, 9][5, 7][10, 12][9, 13][6, 14][8, 14][10, 11][6, 14][8, 14][6, 14][6, 14] 
[2, 1, 4, 3, 5, 14, 8][0, 1, 2, 5, 7, 9, 10][10, 9, 6, 14][4, 3, 11][6, 14][10, 11][10, 12][9, 13][12, 13][6, 14][5, 7][12, 13][6, 9][12, 13][1, 3] 
[4, 1, 2, 5, 7, 9, 6, 14][0, 1, 2, 5, 7, 9, 10][7, 5, 14, 6, 9, 12, 13][12, 9, 13][9, 6, 14][5, 7][1, 4][3, 4][10, 11][10, 12][6, 14][8, 14][8, 14][6, 14][1, 3] 
[0, 1, 2, 5][7, 9, 10][1, 3, 4][6, 9][5, 7][10, 12][9, 13][6, 14][8, 14][10, 11][6, 14][8, 14][6, 14][6, 14][6, 14] 
[0, 1, 2, 5, 7, 9][10, 11][9, 10][3, 4][6, 9][6, 14][9, 13][10, 12][8, 14][12, 13][6, 14][5, 7][12, 13][1, 3][6, 14] 
