[0, 1][1, 2][2, 5][5, 7][3, 5][3, 11][7, 14][6, 14][8, 14][6, 9][3, 4][9, 13][12, 13][10, 12][8, 14] 
[6, 9, 7][0, 1][1, 2][2, 5][5, 7][3, 5][3, 4][9, 13][7, 14][12, 13][8, 14][9, 10][3, 11][7, 14][8, 14] 
[0, 1, 3, 5][6, 9, 13][9, 10][9, 12][7, 9][1, 4][10, 11][1, 2][7, 14][8, 14][7, 14][1, 4][7, 14][5, 7][7, 14] 
[0, 1, 3, 5][5, 7, 9][3, 4][1, 2][9, 12][9, 13][9, 10][10, 11][6, 9][7, 14][8, 14][12, 13][8, 14][9, 13][8, 14] 
[7, 14, 6, 9, 12, 10][0, 1, 3, 5][8, 14][7, 9][9, 12][9, 10][12, 13][5, 7][10, 11][3, 4][1, 2][8, 14][8, 14][9, 12][6, 9] 
[0, 1, 3, 5, 7, 9, 6][4, 1, 3, 5, 7, 14, 8][11, 10, 12][3, 4][2, 5][9, 10][9, 13][10, 11][12, 13][8, 14][10, 12][8, 14][9, 12][8, 14][10, 12] 
[4, 1, 3, 11, 10, 12, 9, 13][8, 14, 6, 9, 13, 12, 10][2, 5, 7, 9, 6, 14, 8][0, 1, 3, 5, 7, 9][7, 14][3, 4][1, 2][9, 13][10, 11][8, 14][8, 14][6, 14][5, 7][12, 13][5, 7] 
[5, 7, 9, 6][0, 1, 2, 5][8, 14][7, 14][9, 13][9, 10][10, 11][1, 4][3, 4][7, 14][7, 14][12, 13][7, 14][7, 14][7, 14] 
[3, 5, 7, 9, 6][0, 1, 2, 5][7, 14][9, 13][8, 14][9, 10][3, 4][10, 11][7, 14][7, 14][7, 14][8, 14][7, 14][12, 13][7, 14] 
[0, 1, 3, 5, 7, 9, 6][9, 13, 12][2, 5][3, 4][7, 14][8, 14][9, 10][10, 11][7, 14][7, 14][7, 14][8, 14][7, 14][8, 14][7, 14] 
