[3, 11][10, 11][3, 5][5, 7][1, 3][3, 4][0, 1][7, 14][6, 14][8, 14][6, 9][10, 12][12, 13][1, 2][8, 14] 
[2, 5, 7, 9][7, 14][0, 1][8, 14][6, 9][9, 13][9, 10][12, 13][10, 11][8, 14][1, 4][8, 14][1, 3][1, 2][8, 14] 
[0, 1, 4, 3, 5][10, 12][9, 10][1, 2][1, 3][7, 14][1, 4][8, 14][10, 11][9, 13][5, 7][6, 9][7, 9][8, 14][7, 14] 
[1, 2, 5, 7, 14, 6, 9][6, 14][9, 10][8, 14][1, 4][1, 3][10, 11][0, 1][10, 12][9, 13][7, 14][12, 13][7, 14][9, 10][1, 4] 
[0, 1, 2, 5, 14, 8][1, 2, 5, 7, 9][5, 7, 9, 10][7, 14][12, 13][10, 12][6, 14][8, 14][1, 3][3, 11][1, 4][7, 14][5, 7][7, 14][8, 14] 
[1, 2, 5, 7, 9, 12, 10, 11][4, 1, 3, 5, 7, 9, 13, 12][2, 1, 4, 3, 5, 7, 14, 8][0, 1, 2, 5, 14, 8][0, 1, 4, 3, 5][10, 12][12, 13][9, 10][3, 11][6, 9][6, 14][8, 14][8, 14][1, 3][8, 14] 
[1, 2, 5, 7, 9][12, 13][9, 10][10, 11][7, 14][8, 14][1, 4][6, 9][1, 3][0, 1][7, 14][9, 13][5, 7][8, 14][8, 14] 
[0, 1, 4, 3, 5, 14, 8][1, 2][1, 4][5, 7][6, 9][3, 11][9, 12][10, 11][12, 13][3, 11][10, 12][10, 11][7, 9][6, 14][1, 4] 
[1, 2, 5, 7, 14, 6, 9][2, 5, 7, 9][9, 12, 10][7, 14][8, 14][9, 13][12, 13][9, 10][6, 14][10, 11][1, 4][1, 3][0, 1][1, 3][6, 14] 
[8, 14, 7, 9, 12, 13][3, 4, 1, 2, 5][6, 9][12, 13][9, 10][8, 14][10, 11][0, 1][1, 2][9, 13][5, 7][8, 14][7, 14][8, 14][7, 14] 
