[9, 13][5, 7][7, 14][12, 13][3, 5][3, 11][8, 14][10, 11][1, 3][3, 4][0, 1][6, 14][1, 4][2, 5][10, 12] 
[1, 2, 5, 14, 6][9, 13][9, 10][6, 9][8, 14][1, 3][5, 7][3, 11][3, 4][0, 1][5, 14][9, 12][3, 11][3, 4][3, 4] 
[0, 1, 4, 3, 11, 10, 9][2, 5, 14, 6, 9][1, 3][9, 13][8, 14][7, 9][3, 11][9, 12][3, 11][10, 11][3, 4][3, 4][1, 4][3, 4][1, 4] 
[0, 1, 2, 5, 14, 6][3, 5][3, 11][8, 14][3, 4][5, 7][10, 11][10, 12][9, 10][12, 13][9, 13][1, 3][7, 9][1, 4][9, 12] 
[0, 1, 2, 5, 14, 6, 9][7, 14][1, 3][1, 4][8, 14][9, 13][12, 13][9, 10][10, 11][10, 12][3, 5][10, 12][1, 3][12, 13][5, 7] 
[4, 1, 3, 11, 10, 12][0, 1, 2, 5, 14, 6][3, 4][3, 11][10, 11][9, 10][9, 13][8, 14][5, 7][9, 12][3, 4][7, 9][3, 5][3, 11][10, 12] 
[4, 3, 1, 2, 5, 14, 6, 9][7, 5, 14, 6, 9, 10, 12, 13][1, 4, 3, 11, 10, 9][0, 1, 2, 5, 14, 8][9, 12][7, 9][8, 14][3, 4][9, 13][3, 4][10, 11][3, 4][8, 14][12, 13][3, 4] 
[2, 5, 14, 6, 9][8, 14][1, 3][12, 13][5, 7][1, 4][3, 11][9, 10][6, 14][1, 4][10, 11][3, 4][0, 1][9, 13][1, 4] 
[1, 2, 5, 14, 6, 9][9, 13, 12][3, 4][1, 4][3, 11][8, 14][5, 7][0, 1][3, 11][1, 3][3, 4][3, 11][3, 4][9, 10][3, 4] 
[1, 4, 3, 11, 10, 9, 12, 13][0, 1, 2, 5, 14, 6, 9][8, 14, 7, 9, 10, 12, 13][7, 9, 13][9, 13][1, 3][1, 4][10, 11][7, 14][5, 7][9, 13][12, 13][3, 5][10, 11][9, 10] 
[0, 1, 2, 5, 14, 6, 9, 12][4, 1, 2, 5, 14, 6, 9, 10][4, 1, 2, 5, 3, 11, 10, 12][8, 14, 7, 9, 10, 12, 13][8, 14, 7, 9, 10, 12, 13][4, 1, 2, 5, 14, 6][1, 4][1, 3][10, 11][10, 12][5, 7][5, 7][1, 4][9, 10][9, 13] 
